n v(n)    Re(T)       Im(T)        Mod(T) 
   
0  164  131000.0  0.0  131000.0  
1  163  2.0644379  22.149958  22.245956  
2  163  1.4608002  -2.2864625  2.7132726  
3  164  29.38115  -7.904724  30.42592  
4  164  -2.3723907  28.040575  28.140755  
5  165  -1.9010773  5.892988  6.192044  
6  164  4.9327545  -4.795594  6.879665  
7  164  5.3308105  -5.9965286  8.023459  
8  164  20.020767  2.1429987  20.135132  
9  163  -9.798828  6.2286015  11.610879  
10  164  -21.444672  -28.403362  35.589672  
11  164  -2.1715393  -9.316839  9.56656  
12  165  2.2648468  -6.3351383  6.727816  
13  164  23.558502  -3.9478626  23.887  
14  164  -1.4512024  -1.2702255  1.9285905  
15  163  -19.663223  2.073885  19.772287  
16  164  -0.90216064  -1.8332005  2.0431635  
17  165  -29.6613  8.239979  30.784575  
18  164  -11.182602  8.040913  13.773411  
19  165  -14.609131  -25.40855  29.309063  
20  166  -33.633957  -21.994297  40.186966  
21  166  -6.367279  -12.743118  14.245326  
22  164  -13.338715  12.463659  18.255522  
23  164  -2.1417084  2.4657745  3.266031  
24  163  12.553436  -23.261705  26.432852  
25  162  -15.69046  -23.343895  28.126997  
26  163  -0.74290466  -5.188549  5.241464  
27  163  -30.520752  -15.104607  34.05386  
28  163  5.2927856  -5.917904  7.939469  
29  164  -5.2572327  -23.726177  24.301645  
30  164  -23.141205  -11.074467  25.654613  
31  163  -46.22809  31.459106  55.917004  
32  163  -1.1753998  -0.89974594  1.4802389  
33  163  -6.253952  -31.274525  31.893696  
34  164  -1.4759521  0.645916  1.6110997  
35  164  16.400482  5.778946  17.388847  
36  165  3.498581  10.331306  10.90761  
37  164  -26.345947  -14.092255  29.878096  
38  164  32.146286  47.873104  57.6647  
39  165  48.75174  0.1734581  48.75205  
40  164  17.186966  -16.62706  23.913404  
41  164  1.2845001  -2.6432076  2.93879  
42  164  -26.205048  17.23529  31.364944  
43  164  0.6673584  50.087494  50.091938  
44  164  60.312416  -41.374878  73.14006  
45  163  21.184555  -47.987953  52.455975  
46  163  14.683899  -15.521942  21.366974  
47  163  29.723434  -42.424465  51.80075  
48  163  5.1722565  -9.380947  10.712348  
49  163  -2.4682617  -5.045944  5.617283  
50  163  -20.548035  6.409355  21.52444  
51  162  -16.093323  9.828316  18.857117  
52  163  -26.47049  45.204636  52.384598  
53  164  -12.29216  -49.15117  50.664925  
54  164  18.94345  0.31776428  18.946115  
55  164  -8.5030365  -27.544632  28.827215  
56  165  1.6435394  -7.5302124  7.7074847  
57  165  12.067017  6.7115707  13.8078985  
58  164  -29.84616  28.365898  41.17545  
59  163  34.421005  13.119095  36.836346  
60  163  -4.915634  -16.565704  17.279642  
61  163  10.585617  -5.397423  11.882234  
62  163  -21.872803  -12.835945  25.361013  
63  163  20.3116  -4.663109  20.840002  
64  165  -43.686493  4.5524445  43.92305  
65  164  -19.285797  21.658157  29.000305  
66  164  -39.169647  35.652718  52.965813  
67  163  31.391258  11.795967  33.534397  
68  163  -23.065216  -3.324501  23.303574  
69  164  8.161194  31.36425  32.40866  
70  165  -59.580917  9.233635  60.29217  
71  165  18.044724  4.0363235  18.490644  
72  164  -16.520966  -16.093842  23.064129  
73  163  56.47596  -13.913551  58.1646  
74  163  -28.690857  5.9722595  29.305857  
75  164  18.328789  -2.8621597  18.550915  
76  164  -5.967209  28.819458  29.430746  
77  163  -33.583267  14.323341  36.51019  
78  163  -4.940979  -11.972488  12.951979  
79  163  -2.8866577  1.981102  3.5010796  
80  164  30.389877  -70.02932  76.33904  
81  164  -2.279007  10.482574  10.727452  
82  163  -20.378586  -14.158501  24.814308  
83  163  20.575905  4.849716  21.139717  
84  163  17.556366  30.562027  35.245758  
85  164  20.444824  -43.956436  48.47844  
86  163  28.627762  7.3109894  29.546562  
87  164  13.523384  23.829628  27.39951  
88  163  -13.586937  -9.055939  16.328346  
89  164  15.756767  -5.715126  16.761217  
90  164  -42.15689  -29.785187  51.617447  
91  165  -6.8140564  30.169754  30.929684  
92  164  -40.178642  -63.93377  75.5106  
93  165  32.3366  -13.883072  35.190845  
94  163  -24.223412  19.561058  31.135328  
95  164  -23.29554  -15.078621  27.749722  
96  164  -33.77146  -16.343407  37.51824  
97  163  -17.688148  7.4151077  19.179531  
98  163  -21.123848  7.4415436  22.396284  
99  162  26.763847  -1.237442  26.792439  
100  164  -6.458145  -22.511658  23.4197  
101  164  9.413193  -10.653702  14.216524  
102  164  15.0119705  6.2426834  16.25824  
103  164  4.775543  25.686302  26.126461  
104  164  -22.382324  -5.749504  23.108986  
105  165  -6.838356  -10.321747  12.381501  
106  165  -7.478569  27.915237  28.899645  
107  164  23.313667  -24.360344  33.71874  
108  164  13.023102  5.578926  14.167767  
109  164  -8.654251  51.041466  51.769943  
110  163  -0.3672943  23.88707  23.889893  
111  163  17.571968  26.563698  31.84971  
112  164  4.127922  -19.649513  20.078424  
113  164  31.48555  32.10128  44.964787  
114  163  1.0744629  25.634033  25.656542  
115  162  -16.468124  -6.6051025  17.743351  
116  162  22.664772  -0.5545502  22.671556  
117  163  -9.706413  -57.177414  57.995438  
118  164  -22.021477  -1.2805023  22.058674  
119  164  13.172394  45.278427  47.15557  
120  165  5.0270004  -18.35019  19.026302  
121  165  -14.439697  -4.349991  15.080692  
122  165  -4.933777  -10.882919  11.949062  
123  164  11.076553  -20.070572  22.924177  
124  164  31.890022  -5.091156  32.29386  
125  164  6.1707687  45.893646  46.306644  
126  164  6.4651413  12.03363  13.660392  
127  163  -7.3574066  6.995224  10.152073  
128  163  0.8797989  -23.18576  23.202446  
129  164  30.564537  -24.039612  38.88565  
130  164  -1.971405  21.554672  21.644638  
131  164  1.0567169  -6.4714355  6.557143  
132  164  6.5642776  26.717728  27.5123  
133  164  3.0067291  0.7206116  3.0918765  
134  164  26.0719  23.991928  35.43101  
135  163  18.90667  16.481659  25.08201  
136  163  -1.934288  6.0989075  6.398292  
137  163  21.498123  21.112885  30.131763  
138  164  -7.905388  1.8526917  8.119583  
139  164  3.619812  3.1292114  4.7848725  
140  163  -13.160469  16.189896  20.8641  
141  164  -1.7537308  -12.178207  12.303833  
142  164  33.330482  4.285965  33.60492  
143  165  -29.59954  -3.6762238  29.826958  
144  165  -12.357582  -12.230499  17.386631  
145  165  4.885704  47.445885  47.696774  
146  163  -3.1375198  -22.059082  22.281094  
147  165  -2.7213593  28.096207  28.227694  
148  163  18.8964  5.7941437  19.764769  
149  163  -13.710793  3.5035858  14.151359  
150  163  15.777069  -7.381897  17.41862  
151  162  -7.4531097  -14.100449  15.949028  
152  164  -2.9772758  -10.422195  10.839111  
153  164  -12.291222  -30.050339  32.46686  
154  163  9.241436  -15.8479  18.345573  
155  162  -24.129284  31.783852  39.90533  
156  162  2.719986  40.51368  40.604885  
157  162  15.156128  -23.94522  28.338697  
158  163  1.1101913  -4.206955  4.350976  
159  164  -0.73804474  -2.3219147  2.4363904  
160  163  5.863846  -1.4144592  6.0320296  
161  163  25.820091  -11.399109  28.224401  
162  164  -6.8052063  1.9500885  7.0791016  
163  165  -9.192539  -10.939072  14.28867  
164  165  5.857273  -25.41359  26.079844  
165  164  -5.1874466  9.403763  10.739663  
166  164  -2.9928894  29.279648  29.432213  
167  165  11.0488205  -8.67308  14.046308  
168  164  14.160362  -3.0160217  14.477992  
169  164  1.7056503  -21.531662  21.599113  
170  163  -12.053135  17.119324  20.936792  
171  164  10.128063  4.749359  11.186335  
172  164  -9.163536  -14.325851  17.005894  
173  163  -11.495663  -8.838791  14.500844  
174  164  8.510143  -4.595978  9.671895  
175  163  0.28993797  -7.0923615  7.098285  
176  163  1.0988026  31.513794  31.532944  
177  163  -8.006683  16.052689  17.938667  
178  164  3.8458996  15.518494  15.987951  
179  165  -3.261404  13.643692  14.028082  
180  165  5.531801  -5.388611  7.7225614  
181  165  0.26316833  19.31549  19.317284  
182  164  9.571783  18.065628  20.444704  
183  163  24.677076  14.109802  28.426125  
184  164  -4.0938835  8.436676  9.377494  
185  163  -5.43581  -8.557602  10.138076  
186  163  4.0766907  5.931671  7.197509  
187  165  3.6608257  6.073303  7.0913086  
188  163  -16.446957  -0.22892761  16.44855  
189  164  -10.3656225  2.477478  10.657581  
190  163  -0.97439384  33.889023  33.903027  
191  162  17.736504  -3.4706116  18.072872  
192  164  -13.825479  -16.551361  21.565977  
193  164  0.67881584  -20.26416  20.275526  
194  163  -5.753897  5.5164185  7.9710855  
195  163  1.4021626  10.989838  11.078925  
196  163  2.473311  1.3542938  2.819819  
197  163  15.537902  15.354538  21.844639  
198  163  2.8527863  5.877228  6.533008  
199  164  10.261091  -15.078857  18.239021  
200  165  -3.0620427  10.861679  11.285043  
201  166  6.968761  -6.7723694  9.717439  
202  165  -23.080574  -14.482483  27.248032  
203  165  -4.4005723  4.52269  6.31029  
204  164  -6.7376328  2.6248627  7.2308784  
205  164  -1.4914293  -20.42421  20.478592  
206  163  9.337399  5.8269043  11.006353  
207  163  -9.88577  -8.147827  12.810759  
208  163  -6.2984295  -21.94577  22.83171  
209  164  15.93089  -0.118774414  15.931333  
210  164  14.806188  1.0761414  14.845244  
211  163  4.4212837  16.452576  17.036285  
212  162  -2.4872122  -7.641342  8.03594  
213  162  -19.576004  -9.743134  21.86661  
214  164  -3.2682133  -22.086243  22.32674  
215  164  15.539658  -1.6379852  15.625747  
216  163  -4.369484  -6.3767395  7.7301483  
217  163  -7.075556  -13.573578  15.307041  
218  164  3.8143196  0.71443176  3.8806503  
219  164  -6.761997  -5.998352  9.039073  
220  165  5.2981167  17.39206  18.181137  
221  164  19.686853  -0.32191467  19.689486  
222  163  -13.290224  6.1548615  14.646241  
223  163  -17.279005  8.863235  19.419603  
224  164  23.12916  -7.7945557  24.407236  
225  164  -5.9292755  -1.465805  6.1077733  
226  165  14.024414  -8.16011  16.225647  
227  164  7.5567703  7.3484955  10.540644  
228  164  1.6557999  -11.803207  11.918782  
229  163  14.813004  6.0027466  15.983055  
230  164  -1.7585869  6.1237946  6.3713017  
231  163  -9.404213  0.3791504  9.411853  
232  163  -3.2097855  5.0663757  5.9975734  
233  163  6.2243805  -11.103561  12.729178  
234  163  0.061065674  19.653427  19.653522  
235  164  9.173676  13.589355  16.39594  
236  163  4.1867104  5.908905  7.241802  
237  162  -11.918297  9.791626  15.424711  
238  163  6.365448  -6.7648315  9.288804  
239  164  0.413105  3.6035461  3.627148  
240  164  16.064667  -2.874527  16.319817  
241  164  11.07225  -6.577072  12.878377  
242  164  12.4699745  4.0732727  13.118377  
243  164  10.3052025  -4.9910126  11.450214  
244  164  15.096977  4.961197  15.891262  
245  163  -9.282349  -0.2908783  9.286905  
246  164  2.9609184  -7.3914337  7.9624324  
247  164  9.153397  2.57576  9.508902  
248  164  -6.437298  9.009003  11.072531  
249  164  -3.403614  -8.394028  9.05783  
250  163  0.84778595  -7.7581024  7.804287  
251  164  1.9636383  -5.642151  5.974089  
252  163  -0.14487457  1.4151611  1.4225575  
253  165  -11.572708  -1.4742432  11.666231  
254  165  -5.582489  8.430252  10.111051  
255  165  -13.71814  -4.5684814  14.458851  
256  164  -9.183571  8.242844  12.340277  
257  163  4.5788193  -5.242752  6.9607496  
258  163  -4.7590637  -13.6633  14.468394  
259  163  -5.0584717  2.2547607  5.538238  
260  164  -11.746735  13.394653  17.815794  
261  164  1.745285  4.2045593  4.5523996  
262  164  5.7208176  4.1683807  7.0783577  
263  163  -19.157784  9.601807  21.429312  
264  163  -43.554436  -1.9263153  43.597015  
265  163  40.029587  -6.842621  40.61021  
266  163  4.0711594  7.2609406  8.324397  
267  164  8.255783  7.1801147  10.941298  
268  164  -7.843704  -2.4006653  8.202859  
269  164  -7.9058304  1.2962799  8.011397  
270  164  5.517044  2.087082  5.8986173  
271  164  -6.628128  -1.3257141  6.7594085  
272  165  23.516655  1.0057983  23.538155  
273  163  7.0373077  -2.6219177  7.5098705  
274  165  6.7119827  3.0636444  7.3781185  
275  165  6.521652  -5.780838  8.7149315  
276  165  13.31855  -4.8832703  14.185559  
277  163  6.08976  14.554298  15.77697  
278  163  26.019371  2.4690247  26.136253  
279  163  -0.24738312  8.836746  8.840208  
280  164  -4.2602844  -6.6025085  7.8576803  
281  163  -15.285011  12.038048  19.456263  
282  164  0.26140594  19.566551  19.568296  
283  163  5.7097855  6.0798492  8.340636  
284  162  -8.208351  -0.8697052  8.254296  
285  163  -6.467621  3.9281693  7.5670757  
286  164  6.6373444  13.503197  15.046284  
287  164  3.4776077  10.438995  11.003017  
288  163  -5.8400803  -10.019066  11.596906  
289  164  3.4182281  -16.963493  17.304462  
290  164  2.1241837  -0.66272736  2.2251658  
291  164  1.7481308  0.13311768  1.7531918  
292  163  9.88134  6.05159  11.587175  
293  165  -2.7521133  4.508644  5.282234  
294  164  3.0554123  14.839928  15.151204  
295  164  -2.7496796  -3.4929504  4.445384  
296  164  -12.433586  -13.250427  18.170523  
297  164  3.300087  5.80925  6.6811643  
298  164  -12.385109  21.437355  24.757849  
299  164  -1.5679169  10.558571  10.674352  
300  163  6.322525  -4.556175  7.7931414  
301  163  -3.4016342  -4.937317  5.9956827  
302  164  -11.437317  23.92414  26.51748  
303  165  0.3134613  -13.35537  13.359047  
304  163  8.50502  6.263756  10.562671  
305  164  -10.603348  -12.091293  16.08199  
306  163  6.1215134  -7.5734024  9.738036  
307  165  -9.651466  9.6826935  13.671333  
308  165  -5.773384  3.2354813  6.6181793  
309  165  13.726952  -2.8949203  14.028891  
310  164  0.10346222  -16.769646  16.769964  
311  164  -0.03818512  6.319763  6.3198786  
312  164  13.046982  -15.535477  20.287306  
313  164  10.2593155  -26.888214  28.778978  
314  165  6.8206787  -5.906639  9.022752  
315  164  2.509018  15.751465  15.950041  
316  163  -2.876892  8.524147  8.996532  
317  163  9.899261  0.60650635  9.917824  
318  163  1.7015991  -6.000725  6.237318  
319  162  -3.9208374  15.004211  15.50804  
320  163  -8.512001  4.3230896  9.546898  
321  163  6.3426056  5.3621445  8.305494  
322  164  -0.0059051514  3.9821014  3.982106  
323  165  -18.19181  -0.62677765  18.202606  
324  164  -9.856598  -1.5650482  9.980075  
325  163  3.3585205  21.018356  21.284994  
326  164  4.662857  -1.5869827  4.9255204  
327  163  10.037247  -9.59687  13.8869095  
328  163  6.7229614  -9.719009  11.817671  
329  164  6.889679  4.979416  8.500721  
330  164  8.323029  -3.5285187  9.0400915  
331  165  3.7548676  10.6910095  11.331227  
332  164  -6.424942  -4.2875366  7.724173  
333  164  -2.7796783  3.1628036  4.2106934  
334  163  -3.7519073  0.020133972  3.7519615  
335  163  2.1598358  0.76651  2.2918177  
336  164  11.223282  -8.937386  14.347088  
337  164  -4.3303986  -12.909866  13.616791  
338  164  13.166397  -12.025673  17.831736  
339  163  9.332184  -12.177315  15.3419895  
340  164  -9.63295  12.669037  15.915345  
341  164  14.2834015  3.464798  14.697632  
342  164  2.657959  -16.668388  16.878979  
343  164  4.1187744  12.096436  12.778421  
344  164  -7.6406097  -7.7723694  10.89902  
345  163  -12.948853  -4.7644196  13.797553  
346  163  1.1898499  -6.540001  6.6473565  
347  164  7.567581  12.580803  14.681447  
348  164  4.1764984  -15.988747  16.525229  
349  164  -0.8811493  -4.619854  4.7031345  
350  165  11.56543  -2.0865974  11.752151  
351  165  28.851852  6.2378273  29.518467  
352  165  -0.7712097  7.1913376  7.232572  
353  164  -9.545288  6.2118263  11.38856  
354  163  -3.1305237  2.7684135  4.17903  
355  163  -22.777771  -26.62558  35.039238  
356  163  -24.733475  -3.4700203  24.975704  
357  164  -3.7076874  -1.7066765  4.0816283  
358  163  -2.9522552  7.606846  8.159652  
359  164  -2.0393524  -0.49197006  2.0978544  
360  163  10.216095  -9.787891  14.148195  
361  164  -18.548874  -10.357391  21.244677  
362  164  -17.487335  6.3340263  18.599106  
363  164  -7.014786  -17.133709  18.514082  
364  163  -4.7146606  -3.534565  5.892468  
365  163  -4.0641327  -9.070354  9.93924  
366  163  -11.548325  -6.999096  13.503745  
367  164  4.749405  6.734062  8.240416  
368  165  15.197647  2.6106453  15.420245  
369  165  -0.42118835  3.9749985  3.9972506  
370  164  5.8680725  -4.796631  7.5790462  
371  164  -9.745163  -0.050689697  9.745295  
372  163  -11.0633545  -9.923569  14.861865  
373  164  7.2009125  7.4954567  10.39399  
374  164  -8.195297  16.820023  18.71032  
375  163  10.69986  -14.484974  18.008371  
376  162  5.283966  8.4649105  9.978727  
377  163  8.783356  3.0671349  9.303475  
378  164  -5.7472687  -7.4089947  9.376796  
379  164  4.0836945  5.74255  7.0465198  
380  165  1.5888672  -26.632029  26.679382  
381  164  2.8623505  3.2091866  4.3002243  
382  164  8.4687195  2.50906  8.832586  
383  164  4.1269226  0.9112377  4.2263274  
384  164  -1.6507721  -10.476192  10.605454  
385  163  36.73932  63.48434  73.34875  
386  164  -2.8792267  0.024398804  2.8793302  
387  162  1.5157623  11.854086  11.950602  
388  162  -10.113953  8.414848  13.156813  
389  163  -17.773972  -5.2550163  18.534542  
390  163  -22.405579  -6.696601  23.384918  
391  163  -4.3219757  -11.482822  12.269258  
392  163  -10.23793  -2.36174  10.506809  
393  165  11.357513  5.6805763  12.6989  
394  166  -0.6858368  -0.19747066  0.71369934  
395  166  -1.141983  7.442703  7.529804  
396  165  -10.410629  12.664219  16.394012  
397  164  9.228928  -9.703957  13.391784  
398  163  1.3135376  -0.85943127  1.5697143  
399  163  6.992157  4.6578197  8.40152  
400  162  -17.999985  -0.16607541  18.000751  
401  163  7.0977325  -4.930834  8.642391  
402  163  1.4145508  0.5779586  1.5280675  
403  165  8.929565  9.028376  12.698374  
404  164  -10.443939  -12.932745  16.62323  
405  165  -0.94114685  -7.976068  8.031402  
406  164  -0.5606384  -0.27138138  0.622867  
407  164  11.170654  -5.9818296  12.671456  
408  163  -10.145813  2.2277126  10.387504  
409  163  -4.307541  11.190855  11.991253  
410  163  -22.115372  6.5002155  23.050867  
411  164  -18.26213  4.4001007  18.784737  
412  163  -9.864487  -8.619227  13.099587  
413  164  1.6950989  -12.041536  12.160262  
414  163  -2.800232  -0.30722427  2.817035  
415  164  36.767  -63.75135  73.593796  
416  163  -1.7041016  10.324507  10.464196  
417  164  4.2021027  -1.3865814  4.4249606  
418  164  8.403717  -2.7153206  8.831502  
419  164  2.852951  -3.7299328  4.6959267  
420  164  1.3749084  26.13908  26.175215  
421  164  4.2442017  -5.9022884  7.2698183  
422  164  -5.817215  6.914963  9.036409  
423  164  8.798492  -3.4244442  9.441414  
424  163  5.529541  -9.039919  10.596979  
425  162  10.8506775  14.200832  17.87179  
426  164  -7.8883667  -17.134068  18.86273  
427  164  7.3343353  -7.87022  10.757919  
428  165  -11.000931  9.525555  14.551862  
429  165  -9.883423  -0.26503754  9.886975  
430  164  5.8781586  4.3609886  7.319219  
431  164  -0.33477783  -4.38253  4.3952985  
432  164  15.034454  -2.9116096  15.313794  
433  163  4.5891113  -6.7844048  8.190732  
434  163  -11.71666  6.1942406  13.253254  
435  163  -4.260208  8.538807  9.542568  
436  163  -4.5377655  3.4378853  5.693011  
437  163  -7.1635437  16.919575  18.373577  
438  164  -17.735855  -6.6650505  18.94686  
439  164  -18.546799  10.004696  21.07315  
440  165  10.070435  9.4226265  13.791285  
441  164  -2.3474884  0.11952591  2.3505294  
442  164  -2.8646088  -8.0737  8.566833  
443  163  -3.698944  1.2563667  3.9064875  
444  164  -24.646622  3.4534836  24.887396  
445  163  -22.752365  26.46394  34.900005  
446  164  -2.8719025  -3.0822525  4.21285  
447  164  -9.765549  -6.491722  11.7263975  
448  162  -0.4007721  -7.837036  7.8472767  
449  163  28.86435  -6.4303703  29.57195  
450  164  11.761368  1.7441597  11.889991  
451  163  -0.9148712  4.217102  4.3151984  
452  163  4.2466583  15.7145  16.278194  
453  164  7.8194885  -12.8287735  15.024042  
454  164  1.2789459  6.1343  6.2662063  
455  164  -12.931839  4.4834366  13.686988  
456  163  -8.194672  7.4076843  11.046557  
457  164  4.348343  -12.48468  13.220262  
458  164  3.7552338  15.489258  15.93797  
459  164  14.3706665  -3.920395  14.8958235  
460  164  -9.592194  -13.16053  16.285261  
461  165  9.5329895  11.729858  15.11514  
462  164  13.293182  11.808586  17.780647  
463  164  -4.1414337  12.59079  13.254413  
464  163  10.713806  8.381371  13.602684  
465  164  2.2105103  -0.97618103  2.4164612  
466  163  -3.2566986  -0.4541626  3.2882137  
467  163  -2.1855774  -3.3779678  4.023359  
468  163  -6.5171356  4.02816  7.6615357  
469  162  3.6255188  -11.066696  11.645434  
470  162  8.395035  3.4764633  9.086386  
471  164  7.1297913  -5.090187  8.760361  
472  165  6.8441772  9.474205  11.687742  
473  165  10.280212  9.481468  13.985028  
474  165  4.857895  0.7126999  4.9098964  
475  163  3.613556  -21.352806  21.65641  
476  163  -10.050537  1.5681534  10.172138  
477  162  -17.814232  0.36018372  17.817873  
478  163  -0.13587952  -4.2002335  4.2024307  
479  163  7.2547913  -5.652817  9.1970825  
480  163  -8.595009  -4.5933914  9.745431  
481  164  -3.7284546  -15.210693  15.660989  
482  165  1.6179352  5.689377  5.9149575  
483  165  10.053726  -0.98104095  10.101478  
484  165  -2.5632172  -9.093925  9.448257  
485  164  2.3997345  -15.974014  16.153261  
486  163  7.12825  5.777649  9.175684  
487  162  10.320305  26.983162  28.889439  
488  163  13.208923  15.260849  20.183388  
489  165  0.2981491  -6.718071  6.724684  
490  165  -0.03462982  16.453918  16.453955  
491  164  13.918388  2.6418839  14.166901  
492  164  -5.7706223  -3.8251724  6.9232955  
493  163  -9.556717  -9.690689  13.610301  
494  164  6.397583  6.9674835  9.459117  
495  165  -10.618851  11.596489  15.723822  
496  164  8.499268  -6.707382  10.82712  
497  163  0.5322952  12.920944  12.931904  
498  163  -11.093811  -23.7128  26.179562  
499  163  -3.3273315  4.6798706  5.742153  
500  164  6.472435  4.183098  7.7065377  
501  165  -1.6675644  -10.872971  11.000103  
502  166  -11.393311  -22.417267  25.146399  
503  165  3.1746979  -6.23925  7.0004964  
504  165  -12.371651  12.913048  17.88308  
505  163  -2.572815  3.244957  4.14115  
506  163  3.44561  -15.252792  15.637132  
507  164  -2.6616669  -4.9538803  5.6236467  
508  164  10.188057  -6.5545425  12.114393  
509  164  1.6254578  -0.186203  1.6360881  
510  164  1.9276199  0.6240921  2.0261316  
511  164  4.5345535  15.918442  16.551706  
512  164  -5.779434  9.586044  11.193484  
513  164  3.6539307  -10.605431  11.217236  
514  163  6.8279266  -13.79776  15.394764  
515  164  -5.994232  -4.6951065  7.6141214  
516  164  -7.8219604  0.75904846  7.858703  
517  165  5.954895  -6.287155  8.659624  
518  164  0.5475235  -19.861786  19.869331  
519  164  -15.181007  -12.671478  19.774462  
520  163  -4.742523  7.450531  8.831871  
521  164  0.0012969971  -9.276337  9.276337  
522  163  26.305885  -2.595459  26.433615  
523  164  6.0452576  -15.549438  16.68323  
524  164  13.284126  4.4600983  14.012869  
525  164  6.799431  4.982254  8.4294195  
526  163  6.9546204  -3.1927643  7.6524825  
527  163  7.3194046  2.4502106  7.718628  
528  164  23.583046  -1.1348724  23.610336  
529  164  -5.94223  1.1879578  6.059814  
530  163  5.2434006  -1.7560425  5.5296416  
531  165  -7.746994  -1.7616425  7.9447656  
532  165  -7.354141  2.1165009  7.6526446  
533  164  8.341919  -7.5569916  11.255919  
534  165  4.0459213  -7.594864  8.605314  
535  164  40.126343  6.75589  40.691097  
536  164  -43.51648  1.5910492  43.545555  
537  162  -18.902908  -9.981094  21.376205  
538  163  5.8894043  -4.5842743  7.463287  
539  163  1.9012222  -4.584976  4.9635324  
540  164  -10.26767  -13.44754  16.91926  
541  164  -4.7352753  -2.4441986  5.328878  
542  164  -4.498581  13.298004  14.03831  
543  164  4.9518967  5.106415  7.1131396  
544  164  -8.908043  -8.593506  12.377462  
545  163  -13.62471  3.849533  14.158094  
546  164  -5.4500427  -8.900803  10.436822  
547  165  -11.922798  1.5170898  12.01893  
548  164  0.032196045  -1.9646454  1.9649092  
549  164  2.4310188  5.238495  5.775091  
550  165  0.94124603  7.307007  7.36738  
551  165  -3.3512726  8.092972  8.759407  
552  164  -6.427593  -9.349991  11.346201  
553  163  9.153957  -2.753662  9.559163  
554  162  3.2556572  7.087021  7.7990494  
555  163  -9.032906  0.09246826  9.033379  
556  164  15.589195  -5.176361  16.426128  
557  164  11.050243  4.918152  12.095292  
558  164  13.007347  -4.539505  13.776727  
559  164  11.201508  6.388855  12.895395  
560  164  16.249443  2.5255127  16.44453  
561  164  0.8399124  -3.9756012  4.0633554  
562  164  6.3895264  7.048874  9.513814  
563  164  -11.873856  -10.621246  15.93108  
564  163  4.3015823  -5.8184357  7.2358694  
565  164  9.434036  -13.805038  16.72065  
566  164  0.34300232  -19.871735  19.874695  
567  165  6.4870872  10.752029  12.557406  
568  165  -2.8270836  -5.3919067  6.088108  
569  164  -8.466629  -1.0218506  8.52807  
570  163  -0.95149994  -6.2788696  6.3505554  
571  165  15.207024  -6.288147  16.455832  
572  163  1.8060265  11.564438  11.704613  
573  164  7.802559  -7.7250977  10.979848  
574  163  13.936035  8.098541  16.118296  
575  163  -5.783491  1.3531799  5.939686  
576  165  23.465538  7.3185883  24.580341  
577  165  -17.041803  -9.175232  19.354792  
578  164  -13.40831  -6.5726776  14.9326105  
579  164  19.973051  0.022918701  19.973064  
580  164  5.691805  -17.604156  18.50143  
581  164  -6.231203  5.818344  8.525316  
582  163  3.703043  -0.5348053  3.7414627  
583  164  -6.419718  13.356689  14.819377  
584  163  -4.020958  6.0777283  7.287447  
585  164  15.50556  1.5790405  15.585755  
586  165  -3.1586018  21.832077  22.059383  
587  165  -19.478325  9.364609  21.61252  
588  164  -2.417118  7.0847626  7.485741  
589  164  4.759741  -16.769043  17.431463  
590  164  15.000169  -1.1585846  15.044846  
591  163  16.108017  -0.3628235  16.112103  
592  164  -6.051893  21.580566  22.413082  
593  164  -10.45982  7.680374  12.9767475  
594  164  9.60124  -6.0267487  11.336028  
595  164  -1.3004036  19.910904  19.953323  
596  164  -6.3864703  -2.8679657  7.0008736  
597  163  -4.2798033  -4.9113617  6.5144596  
598  164  -22.933676  13.813553  26.772518  
599  163  5.8238497  8.599091  10.385643  
600  163  -2.5676413  -11.371857  11.658127  
601  165  10.560095  15.019745  18.36051  
602  165  3.1301818  -5.906967  6.6850805  
603  164  16.311338  -16.147797  22.952366  
604  164  2.891304  -1.7823334  3.3965204  
605  163  1.6462784  -11.256332  11.376082  
606  164  -5.330351  -5.727371  7.8240285  
607  164  0.53703785  19.952957  19.960184  
608  164  -13.582216  16.224136  21.158903  
609  165  18.061165  3.1404266  18.332157  
610  164  -0.6182337  -34.2659  34.271477  
611  165  -10.058896  -2.664383  10.405784  
612  164  -15.835897  -0.35116577  15.83979  
613  165  4.1905537  -6.3115234  7.5760193  
614  164  4.1949215  -6.110565  7.4119077  
615  164  -6.134445  8.4999695  10.482409  
616  163  -3.5181732  -8.690308  9.375446  
617  163  25.438713  -14.082321  29.076448  
618  163  10.265804  -18.460663  21.12304  
619  164  0.46038055  -19.626373  19.631771  
620  164  6.1342087  5.0740356  7.960801  
621  164  -2.706171  -14.001556  14.260678  
622  164  4.30344  -15.756165  16.333288  
623  163  -7.4066696  -16.475418  18.063725  
624  163  1.5320644  -31.784561  31.821463  
625  164  0.80391693  6.881714  6.928511  
626  163  8.953068  4.404129  9.977664  
627  163  -10.525459  6.4996033  12.370535  
628  163  -8.920143  13.966705  16.5722  
629  164  10.724377  -4.843384  11.767354  
630  163  -11.538109  -17.583038  21.03072  
631  163  1.959858  21.169235  21.259764  
632  164  14.391018  2.3998413  14.589744  
633  163  11.503174  8.519318  14.314391  
634  163  -2.5542297  -29.63379  29.743664  
635  164  -4.8848076  -9.808365  10.957434  
636  164  6.2446404  24.990128  25.758533  
637  164  -8.782852  10.677277  13.825438  
638  164  -6.2103806  -2.4475708  6.675285  
639  164  26.114162  11.197418  28.413582  
640  164  6.630142  1.3432617  6.764846  
641  163  -0.5012779  2.1064453  2.1652694  
642  162  1.6289139  4.141037  4.449893  
643  164  15.501141  23.214737  27.914322  
644  165  3.3386917  -40.782784  40.919216  
645  164  -23.63829  -32.364258  40.0776  
646  163  9.813862  15.592072  18.42348  
647  163  -11.903011  29.555298  31.86216  
648  162  -2.3654022  9.89119  10.170092  
649  163  -7.0146637  13.792496  15.473799  
650  164  16.43357  7.039612  17.877874  
651  164  -12.899765  -4.1337433  13.545913  
652  164  19.436325  -6.1254883  20.378723  
653  163  -2.1405487  -28.524826  28.605028  
654  163  -2.695465  22.02768  22.191984  
655  163  5.437523  -48.420677  48.725033  
656  163  -11.860741  11.996872  16.870155  
657  164  -29.185204  3.330429  29.374613  
658  165  33.95275  -4.6178284  34.265343  
659  166  -1.1450958  11.882355  11.937404  
660  164  -12.60321  -16.43312  20.70962  
661  163  4.4261246  -3.3496246  5.5507264  
662  163  -7.562996  -2.2641754  7.894644  
663  164  22.229347  -21.32631  30.805119  
664  164  -1.5868607  -6.3211517  6.5172915  
665  164  19.70311  -16.784454  25.883015  
666  163  26.537537  -24.48848  36.109924  
667  163  3.5249176  -0.7845459  3.611171  
668  163  7.833557  -27.364792  28.463951  
669  163  1.96064  5.454712  5.7963777  
670  165  -1.3710709  -22.353806  22.395813  
671  165  31.15281  23.67308  39.126873  
672  164  1.3379364  22.700531  22.739925  
673  164  -6.9999313  -7.515915  10.270736  
674  163  7.214485  -12.321655  14.278375  
675  162  6.661972  -46.288956  46.7659  
676  163  32.30365  4.1579437  32.570145  
677  164  12.312843  19.753098  23.276405  
678  163  -4.5266953  10.459518  11.397039  
679  164  -13.848343  3.9483032  14.400198  
680  165  5.9618607  18.05185  19.010866  
681  165  13.33754  -46.005676  47.90002  
682  165  -21.468628  1.090622  21.496311  
683  164  -9.3031845  56.897476  57.65303  
684  164  23.439232  0.45178223  23.443584  
685  164  -15.643616  6.1034393  16.792103  
686  164  1.5949478  -26.628677  26.676401  
687  163  32.17533  -32.32673  45.60997  
688  164  4.9624557  19.577164  20.19632  
689  164  18.36036  -27.013016  32.66199  
690  165  0.15026093  -24.37938  24.379843  
691  164  -7.756592  -51.156593  51.7413  
692  163  13.579773  -5.581215  14.681969  
693  163  24.393745  24.287148  34.422672  
694  163  -6.671173  -28.000992  28.78472  
695  164  -5.9198  9.991829  11.613814  
696  164  -21.235909  5.885124  22.036299  
697  164  5.532921  -26.056297  26.637264  
698  165  15.518745  -6.7171097  16.910086  
699  163  10.282173  10.367798  14.60186  
700  164  -5.6382675  22.104294  22.812054  
701  164  27.53656  1.0086136  27.555025  
702  164  -20.507217  -7.706909  21.907589  
703  163  -16.946213  -7.484665  18.525505  
704  165  -32.95302  15.966179  36.61721  
705  163  -22.075455  14.4973755  26.41022  
706  163  -23.287544  -19.800133  30.56722  
707  162  33.0683  13.7387085  35.80872  
708  163  -39.606567  63.48613  74.8276  
709  162  -6.3975983  -30.558678  31.22118  
710  163  -41.388763  29.579918  50.872402  
711  164  16.904465  4.9745483  17.62121  
712  164  -12.772095  8.704041  15.45596  
713  165  14.870499  -24.752266  28.875706  
714  164  29.34871  -7.211014  30.221605  
715  165  18.732887  43.795242  47.63344  
716  164  18.7529  -31.185799  36.389904  
717  164  21.683075  -5.4030304  22.346107  
718  163  -19.502869  13.660614  23.81122  
719  163  -1.1313171  -10.682899  10.742636  
720  163  31.405739  69.535904  76.299164  
721  163  -1.8647308  -2.0484848  2.7701104  
722  164  -3.929947  11.586266  12.234625  
723  164  -32.48242  -15.097687  35.81966  
724  163  -4.0327606  -28.336761  28.622286  
725  163  19.576927  3.0452957  19.812368  
726  163  -27.497467  -6.3936844  28.23101  
727  165  57.346855  13.802559  58.984512  
728  163  -15.636688  15.9320755  22.323463  
729  164  19.684868  -3.2929535  19.958395  
730  163  -58.497925  -9.705467  59.297585  
731  165  9.474564  -31.755386  33.138676  
732  164  -21.546204  2.4872818  21.689295  
733  165  32.76191  -12.54071  35.080082  
734  166  -37.969315  -36.064354  52.367035  
735  165  -18.128708  -22.089363  28.57604  
736  164  -42.39601  -5.0321655  42.69361  
737  164  21.764336  4.5293503  22.230639  
738  163  -20.819717  12.541077  24.305128  
739  164  11.976959  5.4497757  13.158557  
740  163  -3.698166  16.382187  16.794418  
741  164  36.03208  -13.314812  38.413475  
742  164  -28.380646  -28.423248  40.166428  
743  164  13.532043  -6.976761  15.224696  
744  164  2.868454  7.4983673  8.028296  
745  164  -6.9961395  27.05822  27.948046  
746  164  20.705933  -0.76364136  20.72001  
747  164  -10.841019  48.191254  49.39559  
748  164  -24.857224  -45.723053  52.043053  
749  163  -14.30455  -9.971447  17.437027  
750  164  -18.77826  -6.7771797  19.963797  
751  164  -0.49679565  4.9379196  4.9628477  
752  164  7.4035034  8.448505  11.233393  
753  163  32.367386  41.121502  52.33188  
754  165  16.471085  15.160225  22.385912  
755  163  24.00386  47.154163  52.912197  
756  164  61.503456  41.529724  74.211815  
757  163  2.7677765  -50.431458  50.50735  
758  163  -24.185837  -17.242126  29.70262  
759  164  3.3501587  2.1480598  3.9796638  
760  164  19.001099  16.28025  25.021757  
761  164  50.964966  -0.35897064  50.966232  
762  165  34.48909  -47.79675  58.940872  
763  164  -24.078278  13.949814  27.827337  
764  164  5.670334  -10.677856  12.09005  
765  163  18.373016  -5.9968224  19.326914  
766  162  0.74276733  -1.1474838  1.3669025  
767  163  -3.834015  31.325932  31.559683  
768  164  1.2654572  0.54034424  1.375992  
769  164  -43.63977  -31.75758  53.97197  
770  165  -20.391205  10.720318  23.0375  
771  164  -2.5285645  23.50003  23.635674  
772  164  8.208618  5.8313828  10.069083  
773  163  -27.5018  14.681465  31.175222  
774  164  2.3001862  4.505806  5.0589666  
775  164  -13.234161  23.917023  27.334356  
776  164  16.49202  22.404053  27.819567  
777  165  1.3039398  -2.8064194  3.0945516  
778  163  -9.4218445  -12.832991  15.920327  
779  164  -2.1907806  12.429886  12.621472  
780  164  -28.91603  22.303251  36.518105  
781  165  -10.052963  24.305023  26.30202  
782  165  -6.35968  -8.425337  10.556128  
783  165  -24.247864  -8.466944  25.683615  
784  163  4.5722046  1.561306  4.8314314  
785  165  -13.671066  -2.309061  13.8646965  
786  165  4.823929  0.8828964  4.904059  
787  164  30.303223  3.7285576  30.531744  
788  163  9.1046295  6.2188625  11.025812  
789  163  5.4573517  8.520671  10.118524  
790  163  -13.219727  27.869411  30.84583  
791  163  -0.47146606  -6.3133564  6.330936  
792  163  30.55043  -2.4071894  30.645119  
793  164  18.067871  5.809396  18.978859  
794  164  18.727997  4.305623  19.216562  
795  163  14.318909  -6.365813  15.670186  
796  163  17.9814  -28.29242  33.523003  
797  163  56.375015  7.528262  56.875454  
798  163  41.673904  2.0387237  41.723743  
799  164  81.977936  -22.317764  84.96155  
