n v(n)    Re(T)       Im(T)        Mod(T) 
   
0  164  131003.0  0.0  131003.0  
1  163  -8.645523  -15.001986  17.314867  
2  164  0.38316345  -13.766371  13.771703  
3  163  4.8967896  -25.5488  26.013838  
4  164  5.8491364  -11.042339  12.495826  
5  163  -45.85428  28.312332  53.890656  
6  164  -1.274765  1.8752484  2.267506  
7  164  7.8621063  -23.852581  25.114902  
8  165  -21.416672  23.198252  31.572657  
9  165  9.333694  15.822996  18.370766  
10  163  15.359268  17.383526  23.196856  
11  163  7.429718  -5.985937  9.541077  
12  162  6.3296204  18.425682  19.482553  
13  163  -10.873581  2.2491894  11.1037655  
14  163  -26.170334  -6.0272007  26.85542  
15  163  -18.3208  5.015764  18.99499  
16  163  2.9687347  -9.245586  9.710523  
17  164  -17.392471  -8.533525  19.373154  
18  164  -10.880707  21.376196  23.98607  
19  164  18.124023  -16.88427  24.770119  
20  165  -9.512451  -6.6293373  11.5946045  
21  165  -1.380127  -6.644741  6.7865553  
22  165  -24.133057  -22.51989  33.008327  
23  164  -7.0820923  4.748661  8.526771  
24  163  -5.6072845  -13.608278  14.718249  
25  164  -22.95311  23.311813  32.715225  
26  163  -7.572998  -8.603912  11.4620075  
27  164  3.0392609  -11.597763  11.989379  
28  163  5.6566315  3.1918907  6.495048  
29  164  -10.791946  43.676723  44.990246  
30  163  -0.13542175  -19.850716  19.851177  
31  165  -13.12886  -23.062733  26.537834  
32  163  91.46445  29.85664  96.21416  
33  162  25.44867  -15.935665  30.026325  
34  163  -12.401901  -11.852142  17.154604  
35  164  -23.9711  -5.0819664  24.503878  
36  164  -15.764191  -4.0210266  16.268938  
37  164  0.25109863  -14.381157  14.383348  
38  164  20.55838  -6.581539  21.586191  
39  163  -7.3165283  29.653053  30.54235  
40  163  17.264267  -4.78965  17.916351  
41  164  -33.884735  -20.93148  39.828407  
42  163  -21.346817  -32.591183  38.959873  
43  164  61.470688  -17.586407  63.9369  
44  164  -15.243149  -44.97109  47.484234  
45  165  24.604797  -7.332882  25.674252  
46  165  26.048843  -3.8579865  26.332989  
47  163  -2.9261017  -8.3944435  8.8898115  
48  163  -17.374496  8.079674  19.16127  
49  163  -19.305588  -44.778374  48.76278  
50  164  -8.72081  -23.749897  25.300398  
51  164  -3.5771027  -5.805191  6.818791  
52  165  24.439682  -2.3319778  24.550686  
53  165  -27.429443  6.5392456  28.198158  
54  165  -16.86856  1.3636093  16.923586  
55  164  -16.85614  -15.827309  23.122137  
56  165  28.563972  -11.673325  30.857203  
57  163  -19.776367  -44.472816  48.67172  
58  164  15.21756  -7.47332  16.953604  
59  163  5.1798706  14.639938  15.52929  
60  164  -0.45655823  -18.194496  18.200224  
61  164  -6.8906097  3.321556  7.6493945  
62  164  14.184784  -14.340553  20.17076  
63  163  0.9759064  55.93995  55.94846  
64  163  1.452774  7.5116425  7.6508384  
65  164  37.244324  -19.203537  41.903645  
66  164  -11.266632  6.9110184  13.2173815  
67  164  29.543488  -18.413536  34.812008  
68  163  -14.149567  41.33097  43.685917  
69  164  -2.730194  17.157646  17.373508  
70  163  -35.59552  57.696648  67.793396  
71  164  -9.55423  -14.975525  17.763718  
72  164  22.535744  40.137077  46.03091  
73  164  39.166878  11.185173  40.732693  
74  165  10.391403  44.620773  45.814785  
75  165  41.744583  -10.497513  43.044254  
76  166  -14.106003  14.553406  20.26773  
77  165  -34.85179  -5.470871  35.278572  
78  165  39.150444  -29.916122  49.27202  
79  164  -25.11824  10.031548  27.047329  
80  163  6.916321  24.081673  25.055187  
81  163  3.6876984  -8.664993  9.417071  
82  163  -4.15271  35.546227  35.787975  
83  165  37.034332  12.820709  39.190716  
84  164  21.815964  25.505066  33.562546  
85  165  16.070534  28.228188  32.48219  
86  165  4.2901306  2.9566193  5.210261  
87  164  -5.709999  8.159927  9.959342  
88  164  -12.821709  35.34115  37.59512  
89  164  6.883667  3.9122925  7.9177585  
90  164  -21.556725  -11.141853  24.265886  
91  163  -25.125336  23.408989  34.3404  
92  163  30.639046  -11.392227  32.68844  
93  162  -10.422897  -6.6894073  12.384868  
94  164  -50.43933  -43.29624  66.473236  
95  165  13.749519  -7.1129456  15.480416  
96  164  14.479729  -24.61367  28.556879  
97  164  -8.31459  -14.081123  16.35269  
98  164  -19.173248  -24.216393  30.887653  
99  165  -0.83626556  1.9190521  2.0933468  
100  164  -0.68112946  -14.383881  14.399999  
101  164  13.978432  42.881035  45.101883  
102  164  17.106148  1.6398392  17.184568  
103  163  -12.781113  36.37047  38.550846  
104  164  8.861374  43.567413  44.459457  
105  164  26.66523  -28.049751  38.701717  
106  163  0.1146698  -20.78344  20.783756  
107  163  -5.824768  16.388428  17.39277  
108  164  2.3788452  -6.816635  7.219794  
109  163  41.145203  -6.65818  41.680443  
110  164  -1.6572418  -25.454697  25.508587  
111  163  -13.5514145  -35.295677  37.807747  
112  164  25.656937  -53.097298  58.97119  
113  163  13.7491455  12.601456  18.650354  
114  163  40.743557  16.044098  43.788704  
115  163  -11.938263  -16.868378  20.665535  
116  164  26.121857  34.745087  43.46921  
117  164  11.752335  -14.09523  18.351917  
118  164  -14.781395  -4.060074  15.328856  
119  164  -4.5419846  15.030563  15.70183  
120  163  -1.2799683  -34.143356  34.16734  
121  164  -28.976173  28.065964  40.340015  
122  164  43.605015  13.704575  45.707905  
123  165  -11.448624  15.761993  19.481052  
124  165  -4.987526  -38.552063  38.873344  
125  165  -6.064293  1.5785828  6.2663846  
126  164  4.1936035  -15.707336  16.257513  
127  163  -10.495811  7.227829  12.743766  
128  163  -4.321701  -10.798477  11.631174  
129  164  2.5733795  -35.42209  35.51544  
130  164  17.682274  6.762451  18.931286  
131  165  7.6176453  -12.745865  14.848758  
132  164  17.71428  0.25746155  17.71615  
133  163  -9.299217  -6.312027  11.239089  
134  163  10.331863  14.837845  18.080626  
135  164  40.166443  16.20543  43.312344  
136  163  13.276855  11.898041  17.828018  
137  164  -7.6265717  -27.14824  28.19914  
138  164  -33.115036  8.836212  34.273666  
139  163  1.5868301  17.333542  17.406025  
140  163  5.131363  11.539764  12.629214  
141  164  -17.03022  14.652252  22.465904  
142  164  7.6807404  26.884415  27.96007  
143  164  -8.049194  -15.745438  17.683561  
144  163  -7.8605804  15.148499  17.06651  
145  164  -14.187721  1.2802887  14.24537  
146  164  9.889214  -15.697266  18.552647  
147  165  -25.518364  3.9154053  25.816996  
148  164  17.418037  -18.397339  25.33476  
149  164  -7.3526764  4.654999  8.702349  
150  164  10.317825  25.045692  27.087713  
151  164  -16.541855  26.94101  31.614094  
152  164  9.636829  -0.4824524  9.648898  
153  164  4.596985  8.520416  9.681414  
154  164  18.474129  13.292511  22.759268  
155  164  -0.49299622  2.9662018  3.0068917  
156  163  -8.833317  9.6914215  13.113014  
157  163  9.406822  25.245773  26.941368  
158  164  3.9093246  -5.604599  6.8333263  
159  164  13.481503  3.4995728  13.928314  
160  164  7.0526314  -13.413223  15.154345  
161  163  -10.776028  2.9270935  11.166497  
162  165  24.793411  0.8900299  24.809381  
163  163  -16.767227  -11.055908  20.084148  
164  164  -0.74619293  -7.638214  7.6745763  
165  163  -9.61367  24.413605  26.23827  
166  164  -11.561642  21.136246  24.09175  
167  163  -9.588753  5.817505  11.215505  
168  164  -11.087147  18.691391  21.732302  
169  164  -2.6645393  12.284592  12.570242  
170  164  -2.6529198  16.552963  16.764206  
171  164  -6.8898582  6.9341583  9.775105  
172  164  -8.881481  -3.471878  9.535966  
173  164  -16.167995  4.238098  16.714233  
174  164  -7.8362427  14.590439  16.56163  
175  164  0.4686432  -3.593399  3.6238298  
176  164  16.638258  3.2138977  16.945818  
177  164  12.436241  13.226532  18.154924  
178  163  2.2946758  3.5669556  4.2413096  
179  162  1.6575813  14.576843  14.670785  
180  162  3.1649704  -11.23732  11.67452  
181  163  -1.395792  6.182373  6.3379784  
182  164  1.6861172  -3.2140808  3.629505  
183  165  -5.218754  -4.9365234  7.1836376  
184  164  31.965036  -3.482727  32.154205  
185  163  11.698198  20.7482  23.818808  
186  162  2.845562  -7.9134827  8.409544  
187  164  -0.7132454  -2.8202515  2.909044  
188  163  4.0559626  7.9453735  8.920751  
189  164  -33.254578  -7.708481  34.13631  
190  164  -0.33707333  12.37822  12.382808  
191  164  -6.989723  2.5311737  7.4339137  
192  163  6.2225  -1.9707336  6.52712  
193  163  6.0703  -2.890854  6.72351  
194  163  -2.3640327  -8.596451  8.915583  
195  162  1.8758993  -4.776642  5.1317935  
196  164  12.727008  -2.4465027  12.96002  
197  164  1.0816123  4.730057  4.852146  
198  164  4.242494  -16.293869  16.83713  
199  164  -1.3524485  1.7935791  2.2463398  
200  165  -19.063976  17.856201  26.120474  
201  164  -8.113371  -8.638336  11.85106  
202  164  7.7302413  -6.516678  10.110575  
203  163  -5.81105  -4.3999786  7.288903  
204  163  18.205486  1.5647888  18.272612  
205  163  -4.4688034  2.1434784  4.9562793  
206  164  -12.209043  0.78312683  12.234133  
207  164  11.3908  11.960876  16.517048  
208  164  17.648186  -6.560257  18.828049  
209  163  -3.4041662  10.447464  10.988078  
210  162  -9.810337  4.362381  10.73653  
211  163  0.026576042  8.398163  8.398205  
212  164  12.748793  -13.328796  18.4442  
213  163  -0.21936989  2.6165771  2.625757  
214  165  7.350218  -5.326782  9.077462  
215  163  11.925219  -5.8493805  13.282548  
216  165  -15.188755  6.0736694  16.358109  
217  164  -5.8966045  11.029358  12.506665  
218  164  -5.1884136  5.056595  7.2449145  
219  164  -8.55755  5.6594696  10.259691  
220  164  -3.1773663  11.368561  11.80423  
221  163  -4.2414207  1.5703125  4.5227795  
222  164  1.0399818  3.9191895  4.0548253  
223  164  -0.87535477  6.958786  7.013626  
224  164  2.4386024  -6.2882233  6.7445188  
225  164  -12.656761  9.829376  16.025301  
226  164  14.048721  23.855927  27.685226  
227  164  -5.248001  1.8013  5.548531  
228  164  4.7211494  7.8256073  9.139441  
229  163  -3.0181007  5.48053  6.256608  
230  163  -5.090969  -3.349594  6.0940747  
231  163  6.133457  11.679504  13.192048  
232  163  11.0714035  -12.254379  16.515017  
233  162  2.1610718  -6.832855  7.1664596  
234  164  0.07528305  4.697159  4.697762  
235  164  -4.547806  10.72287  11.647424  
236  164  4.0004616  -12.900665  13.506697  
237  164  1.630722  0.13946533  1.636675  
238  163  4.4106483  -3.9891205  5.9470077  
239  164  -23.207901  6.424118  24.080614  
240  163  -12.98114  -5.8523407  14.239378  
241  165  -9.655655  5.6062927  11.165222  
242  165  -4.2213516  1.3007812  4.417221  
243  166  7.7899017  8.949661  11.865033  
244  165  19.17974  1.2901001  19.22308  
245  164  -9.463455  -2.0960846  9.692809  
246  165  -3.9622688  0.35920715  3.978518  
247  165  -10.690186  9.010239  13.980861  
248  164  -0.33450317  4.116852  4.1304193  
249  164  -0.5198364  10.666046  10.678706  
250  164  -13.034115  17.617157  21.914661  
251  164  -3.4617996  -3.2317963  4.7358804  
252  164  4.3131104  15.399857  15.992452  
253  164  8.421745  10.229202  13.249995  
254  164  -16.221382  7.4500732  17.8504  
255  163  -21.553772  3.3294067  21.809402  
256  163  7.579582  -1.8235321  7.7958536  
257  163  2.5744019  -10.071457  10.395277  
258  164  -4.019943  2.996704  5.0139985  
259  166  -15.316803  9.585999  18.069195  
260  165  8.026871  -1.1083679  8.103032  
261  165  4.216629  0.5513153  4.252518  
262  165  -7.925911  -11.143204  13.674467  
263  163  16.018822  -4.7296753  16.70247  
264  163  -52.995308  4.2028046  53.161697  
265  164  -18.08937  -10.047577  20.69249  
266  164  8.278931  -14.475327  16.675604  
267  164  -5.7196426  -0.6459198  5.755999  
268  165  5.574936  15.814377  16.768257  
269  165  6.9859695  7.52623  10.268784  
270  164  -19.0541  0.6385803  19.064796  
271  163  -6.66555  4.1980133  7.877365  
272  163  -5.3927307  -1.0025482  5.48513  
273  163  -4.5860443  14.591072  15.294809  
274  164  0.67165375  -18.514862  18.52704  
275  165  -6.7554016  -0.1563263  6.7572103  
276  165  7.5877075  14.55661  16.415487  
277  164  -0.85466003  -6.7131042  6.7672896  
278  163  -0.026535034  -13.098862  13.098888  
279  164  24.883766  -2.1196136  24.973879  
280  164  5.3668213  11.907608  13.061159  
281  165  10.195511  9.176193  13.716813  
282  163  -12.325104  -12.8558655  17.80959  
283  163  1.7326813  8.20121  8.382245  
284  162  -2.2856522  -2.5966034  3.4592707  
285  162  7.349251  -9.095123  11.693278  
286  164  -5.8663254  -7.7283783  9.70266  
287  164  5.097168  7.9468613  9.441066  
288  163  12.560242  9.667435  15.849889  
289  164  -28.76632  3.9174728  29.03184  
290  163  15.427658  -5.956291  16.537535  
291  163  -4.1256256  -5.753807  7.080048  
292  162  8.43045  -8.959732  12.30241  
293  164  -4.7207336  0.6923599  4.7712355  
294  163  -18.821  -0.11708069  18.821363  
295  165  -9.649155  5.55867  11.135753  
296  164  2.0090942  -8.406944  8.643679  
297  165  8.968864  0.26050568  8.972647  
298  166  -0.6179733  9.888481  9.907772  
299  165  6.4311523  -11.020172  12.759463  
300  165  -3.4558868  -8.436028  9.116453  
301  165  -8.328552  -4.8959045  9.660987  
302  164  -4.615631  2.1112595  5.0755754  
303  163  1.6313782  -8.632324  8.785125  
304  163  -0.8463974  -3.571144  3.6700761  
305  162  -1.9533768  -0.57730865  2.036901  
306  163  6.0751724  -14.665054  15.873611  
307  164  3.9246902  -2.5726776  4.6927457  
308  164  5.234047  0.9322052  5.3164134  
309  164  -1.6790009  11.793236  11.912156  
310  164  -7.5580063  11.287582  13.584291  
311  163  -3.6206818  7.2925797  8.141932  
312  163  1.9663696  3.413292  3.939184  
313  163  -7.6248245  17.644356  19.221375  
314  164  -0.64634705  5.43264  5.4709544  
315  164  -1.5000305  -11.018837  11.12047  
316  165  11.65416  -5.791458  13.013855  
317  163  -8.801544  15.53582  17.85578  
318  163  -6.623604  -5.5812683  8.661564  
319  163  -10.428375  -13.959122  17.424353  
320  164  -6.193527  -1.7703323  6.441572  
321  164  3.5657196  15.056465  15.472928  
322  165  -0.69992065  -13.035225  13.054002  
323  163  -21.513443  1.1589737  21.544638  
324  163  -13.236557  5.4205856  14.303468  
325  163  14.4548645  -1.230835  14.507173  
326  163  -7.4161835  6.414505  9.805389  
327  163  -4.432373  0.86538696  4.516063  
328  164  3.4234161  -0.4866562  3.4578335  
329  164  7.627594  8.814087  11.656257  
330  164  -2.3489532  11.147919  11.392702  
331  164  3.5513458  -1.3481827  3.7986383  
332  163  -19.497482  -2.6033096  19.670511  
333  162  4.394455  -14.037796  14.709553  
334  162  -5.7911987  8.182251  10.024331  
335  163  -9.975601  -2.3841476  10.256548  
336  165  19.040329  1.2725601  19.082808  
337  164  -3.697647  -4.1410675  5.5516696  
338  164  4.6699066  -6.713249  8.177759  
339  164  -4.3067017  -17.462463  17.985697  
340  164  -18.431503  9.347267  20.666197  
341  164  -9.74585  -0.3415451  9.751832  
342  164  -5.9782104  -8.082321  10.053005  
343  164  -8.670807  -1.5983276  8.81689  
344  164  0.81448364  24.569946  24.583443  
345  164  -10.750168  4.8184357  11.780638  
346  163  -3.8384857  17.909042  18.315779  
347  164  -2.1633759  -0.20566559  2.1731298  
348  164  14.342438  -7.3637695  16.122364  
349  164  1.4774933  0.32769775  1.5133976  
350  165  3.0491028  8.710846  9.229077  
351  165  -14.55751  7.0859833  16.190498  
352  164  5.7054443  -4.6763725  7.377029  
353  164  -15.01236  -1.3656387  15.074347  
354  163  -17.970367  13.76786  22.6382  
355  163  45.91652  14.738354  48.22391  
356  164  13.789688  -2.031189  13.93848  
357  164  20.527802  0.5133934  20.53422  
358  163  7.049179  8.749878  11.23616  
359  163  12.044373  -6.4242897  13.650582  
360  163  -2.1822052  -10.933468  11.149114  
361  164  6.08963  -14.890251  16.08736  
362  164  8.63266  5.3457146  10.153791  
363  163  10.196594  6.1093597  11.886749  
364  163  1.714798  12.135056  12.255615  
365  163  2.6506805  11.403439  11.707456  
366  163  -12.998932  -4.81699  13.862742  
367  164  5.0279083  -4.3288803  6.6346865  
368  164  -1.203186  13.493786  13.547321  
369  164  -7.726959  7.429825  10.719524  
370  165  4.030197  6.040619  7.2616506  
371  164  8.804993  5.4834213  10.37284  
372  164  3.6604767  -23.710949  23.991837  
373  164  3.064804  -7.4115295  8.020211  
374  165  -12.561432  6.0273514  13.932643  
375  165  -0.4674225  -8.624611  8.637268  
376  164  6.0453796  6.1973  8.657548  
377  164  -8.111725  -9.243076  12.297746  
378  164  -6.4844666  3.2605839  7.258079  
379  164  -2.8693848  7.9636497  8.464814  
380  164  8.567856  9.377064  12.701869  
381  164  -9.96521  7.721649  12.606715  
382  163  -0.71224976  -15.766188  15.782268  
383  164  -8.487473  -1.3037052  8.587016  
384  164  -3.4604034  6.9596996  7.7725034  
385  164  68.46471  -17.018007  70.54806  
386  165  21.335526  -10.662104  23.851313  
387  165  4.042862  -3.1597195  5.1311364  
388  164  11.627472  -4.141161  12.342906  
389  163  -1.2641907  3.248355  3.4856832  
390  163  20.165787  -8.029263  21.705484  
391  162  0.79437256  -0.068696976  0.7973375  
392  163  3.232132  5.125231  6.059263  
393  164  12.552475  -12.4573  17.68471  
394  164  -19.10263  0.5768194  19.111338  
395  165  -5.7134094  13.934134  15.059984  
396  164  2.0874786  -8.856483  9.099169  
397  164  5.9892426  -1.1012993  6.089654  
398  163  -7.4687195  6.081954  9.63182  
399  164  -2.7969818  15.617924  15.8664  
400  165  -13.0000305  -0.16813341  13.001118  
401  165  -2.6719055  -15.916979  16.13968  
402  163  -7.3430176  -6.372037  9.722282  
403  163  5.7259216  0.44109058  5.742886  
404  164  2.016739  8.622019  8.854742  
405  164  -5.502777  -14.479385  15.489777  
406  164  -18.957916  -1.0720501  18.988203  
407  164  12.367828  12.156239  17.34178  
408  164  3.369049  -5.244171  6.233123  
409  164  0.86650085  -0.20354462  0.8900866  
410  164  20.47026  7.9350452  21.954418  
411  164  -1.7450714  -4.0466433  4.406881  
412  163  11.832443  4.009493  12.493308  
413  163  4.1828766  2.9976978  5.1461296  
414  163  21.387161  10.458933  23.80756  
415  163  68.28757  16.787462  70.32077  
416  164  -3.5329132  -7.178089  8.000402  
417  164  -8.451996  0.78426933  8.488305  
418  164  -0.8349762  15.504602  15.52707  
419  164  -9.970795  -8.324049  12.9887085  
420  164  8.420181  -9.875069  12.977536  
421  165  -2.7174835  -8.130985  8.573076  
422  163  -6.545746  -3.747532  7.5425982  
423  163  -8.123703  8.854919  12.016828  
424  162  6.2906036  -6.77948  9.248407  
425  163  -0.30299377  8.317116  8.322633  
426  164  -12.262146  -6.3481255  13.80793  
427  165  3.1875458  7.0187683  7.7086673  
428  166  3.7121582  23.311901  23.60561  
429  164  8.671219  -5.7974052  10.430721  
430  164  4.0444336  -6.501354  7.656699  
431  164  -7.6426697  -7.8671494  10.968247  
432  164  -1.3369904  -13.833054  13.897514  
433  164  4.8673553  4.26556  6.4719515  
434  163  -13.137344  3.9776497  13.726307  
435  163  2.519867  -11.944614  12.20752  
436  162  1.9465332  -12.224533  12.378538  
437  162  10.1185  -6.2759933  11.90681  
438  163  8.389725  -5.6052246  10.089897  
439  164  6.0620117  14.594669  15.8035555  
440  164  -2.3394318  10.542072  10.798529  
441  165  11.734863  6.0725136  13.212964  
442  165  7.1492157  -9.212898  11.661423  
443  165  20.554611  -0.93029404  20.575653  
444  165  13.878433  2.063118  14.030943  
445  164  45.957443  -14.768932  48.27223  
446  164  -17.777237  -14.084373  22.680382  
447  164  -15.299423  1.0956154  15.338603  
448  163  5.990982  4.0422745  7.2271605  
449  163  -14.581558  -7.3830338  16.344145  
450  164  3.2694397  -9.07798  9.64878  
451  163  1.451477  -0.7266846  1.6232239  
452  163  14.407364  7.113167  16.067648  
453  165  -1.9626923  -0.075653076  1.9641498  
454  164  -3.7125092  -18.339554  18.711546  
455  165  -10.727203  -5.0958786  11.876062  
456  163  0.29753113  -24.89566  24.897438  
457  163  -8.501022  1.2081909  8.586449  
458  163  -4.892502  6.8966064  8.455752  
459  164  -9.68161  -0.14845276  9.682749  
460  164  -18.399734  -9.852119  20.87138  
461  164  -4.115204  16.984573  17.476002  
462  164  4.815338  6.475403  8.069592  
463  164  -3.4857178  3.8265305  5.1761537  
464  164  18.543198  -1.799202  18.63028  
465  164  -9.945175  2.1617126  10.1774025  
466  165  -5.2790833  -8.60231  10.092991  
467  164  4.941284  13.8480835  14.703255  
468  164  -19.597336  2.3167114  19.733797  
469  164  3.3896332  0.9623184  3.5235877  
470  163  -2.252655  -11.2348175  11.458428  
471  164  7.8724976  -8.922043  11.898701  
472  164  3.5512695  0.23944092  3.5593324  
473  163  -4.17276  -0.99840546  4.2905407  
474  164  -7.190811  -7.285942  10.236832  
475  163  14.667023  0.93242645  14.696631  
476  163  -13.422241  -5.424736  14.477027  
477  163  -21.135147  -1.417633  21.182636  
478  165  -0.8683014  12.81823  12.847605  
479  164  4.4938354  -15.352715  15.996887  
480  165  -6.29821  1.5232239  6.4797883  
481  164  -10.30542  13.733124  17.169752  
482  164  -6.716324  5.224365  8.508995  
483  164  -8.608734  -15.950127  18.125034  
484  164  11.9444275  5.253433  13.048675  
485  163  -1.6779251  10.751183  10.8813305  
486  163  -0.32504272  -5.636421  5.645786  
487  163  -7.4730835  -17.605751  19.126146  
488  163  2.1766586  -3.69133  4.2852955  
489  163  -3.271202  -7.689354  8.356251  
490  163  -7.633911  -11.605324  13.891009  
491  164  -1.4347916  -12.039589  12.124782  
492  163  5.258049  -1.4611282  5.4572864  
493  164  4.0012894  2.6155167  4.7802973  
494  163  6.3365784  14.066658  15.427997  
495  164  -1.952713  0.11516571  1.9561062  
496  163  -0.87467957  3.1300888  3.250003  
497  164  1.8679047  8.226112  8.435519  
498  164  -4.321457  -1.871376  4.7092505  
499  164  -8.25872  4.631462  9.468733  
500  163  -3.301033  8.060707  8.7104435  
501  163  6.301338  10.7287445  12.44238  
502  164  0.34752655  -10.854248  10.85981  
503  164  8.826721  -0.6947479  8.854021  
504  164  2.0562897  8.089386  8.346645  
505  165  -9.483894  -5.8084946  11.12128  
506  163  -18.465912  -0.32624054  18.468794  
507  163  -4.6312103  -1.1393509  4.769301  
508  163  8.70665  8.448151  12.131653  
509  163  -4.2544785  5.6708374  7.0893574  
510  163  15.207115  5.9212723  16.319246  
511  163  -27.606178  -5.043953  28.063189  
512  163  12.679413  -10.043167  16.175064  
513  164  5.2579117  -8.076561  9.637244  
514  165  -5.711914  7.424591  9.367525  
515  164  7.802582  8.353058  11.430391  
516  163  -1.9119186  2.4905548  3.1397924  
517  164  1.9721756  -8.405739  8.633998  
518  163  -12.095757  12.52681  17.41345  
519  163  10.301147  -9.790253  14.211357  
520  163  4.909561  -11.047295  12.0891075  
521  164  25.066826  1.7433319  25.127375  
522  165  0.18828583  12.916519  12.9178915  
523  165  -0.95329285  5.6735687  5.753099  
524  164  7.575119  -15.01722  16.81961  
525  163  -6.480568  -0.6634979  6.514445  
526  164  0.85853577  18.358215  18.37828  
527  164  -4.2854843  -14.80468  15.412459  
528  163  -5.3222885  0.8078308  5.383247  
529  163  -5.957405  -4.3401947  7.3707504  
530  164  -19.309937  -0.36668396  19.313417  
531  163  7.175606  -7.976013  10.728751  
532  164  6.0888367  -16.057884  17.173515  
533  163  -5.6635284  0.2645874  5.6697054  
534  164  8.186302  14.151428  16.348654  
535  163  -17.993027  9.828598  20.502447  
536  164  -52.883675  -4.5581055  53.079746  
537  163  16.268272  4.42157  16.858438  
538  164  -7.7860336  10.687485  13.222883  
539  164  4.384392  -0.94750977  4.4856067  
540  163  9.4754715  1.0668335  9.535339  
541  164  -14.984741  -9.8341675  17.923542  
542  164  -3.7230377  -3.3722076  5.0232253  
543  165  2.945984  9.928329  10.356184  
544  165  7.831482  1.4868317  7.971372  
545  164  -21.457771  -4.0884247  21.84379  
546  163  -16.081604  -7.96492  17.945972  
547  164  8.095291  -10.172958  13.000878  
548  163  4.4995117  -15.951462  16.573917  
549  163  -3.0066757  2.8038788  4.111184  
550  164  -12.893848  -18.107468  22.229074  
551  164  -0.4302101  -10.943161  10.951614  
552  164  -0.35303116  -4.434906  4.448935  
553  164  -10.690224  -9.225922  14.120853  
554  164  -3.6495514  -0.6678009  3.710146  
555  164  -9.214577  1.9069519  9.409829  
556  164  19.651127  -1.4973755  19.708092  
557  165  8.538513  -9.026077  12.424826  
558  164  -3.7090607  -1.7933807  4.119872  
559  164  -9.513859  -5.826462  11.156217  
560  163  -12.793507  5.4574585  13.908906  
561  162  -22.741268  -6.835083  23.746235  
562  163  4.4801292  4.285721  6.1999164  
563  163  1.6734161  -0.92388916  1.9115158  
564  164  4.077282  12.989136  13.614032  
565  165  -4.282955  -10.973282  11.7795  
566  165  0.34678268  -4.928711  4.9408956  
567  164  2.4509583  6.4615784  6.910803  
568  164  11.436855  11.939163  16.533157  
569  164  7.08284  -12.310867  14.20296  
570  164  -4.324539  3.173767  5.364181  
571  164  -2.6270103  -5.8381195  6.4019394  
572  164  4.9156647  -8.079193  9.45712  
573  164  -5.012985  -2.2249298  5.4845543  
574  165  14.034336  -23.931534  27.743124  
575  164  -12.484781  -9.943695  15.960791  
576  164  2.8007412  5.784088  6.426494  
577  164  -0.6169224  -7.2342987  7.2605557  
578  164  0.90283966  -4.3114014  4.4049177  
579  164  -3.9627495  -1.9211121  4.403868  
580  164  -2.781618  -11.611877  11.940397  
581  164  -7.991707  -5.8624115  9.911369  
582  164  -5.279148  -4.9154205  7.2132354  
583  163  -5.1734066  -11.249268  12.381847  
584  163  -14.797842  -6.380554  16.114826  
585  163  11.9126835  5.7874146  13.244101  
586  163  7.5196514  5.0944977  9.0829  
587  164  -0.08777428  -2.9358215  2.9371336  
588  164  12.793065  12.819992  18.111176  
589  163  0.32516193  -8.723679  8.729736  
590  164  -9.611226  -4.507431  10.615677  
591  165  -3.1671734  -10.976501  11.424297  
592  164  17.957672  6.2442474  19.01233  
593  164  10.850941  -12.363785  16.45011  
594  164  -11.9612875  -1.0155182  12.004319  
595  165  -4.203364  -2.6433105  4.9654164  
596  165  18.565224  -1.7276611  18.645437  
597  165  -5.709158  4.021515  6.983342  
598  164  7.8764997  5.919739  9.853047  
599  164  -9.2953  10.447159  13.983767  
600  165  -18.559444  -18.390305  26.127691  
601  164  -1.0087065  -1.8407135  2.0989795  
602  164  4.482932  16.298477  16.903757  
603  164  1.848547  -5.5448  5.844821  
604  163  13.155741  2.0487823  13.314317  
605  164  2.0944376  4.5130005  4.975323  
606  163  -1.9597473  8.370117  8.59648  
607  164  5.9717293  2.5733337  6.502584  
608  165  6.4780073  1.6980438  6.69686  
609  164  -6.667268  -2.8828125  7.263819  
610  164  -0.021468163  -12.735489  12.735507  
611  164  -32.945606  7.4701996  33.781902  
612  162  4.703993  -8.483627  9.700489  
613  163  -0.1958561  2.5820618  2.5894792  
614  163  2.9538803  7.7208557  8.266621  
615  164  11.075386  -20.763916  23.533049  
616  164  32.48944  3.3349457  32.660152  
617  164  -4.524994  4.917984  6.682974  
618  163  2.3445435  2.7989044  3.65113  
619  163  -1.2164936  -6.513397  6.6260247  
620  163  3.7607498  10.896805  11.527514  
621  163  2.2252712  -14.936676  15.101527  
622  164  2.7399387  -3.8186646  4.6999426  
623  165  13.032696  -13.620728  18.851402  
624  163  16.997978  -3.4883575  17.35223  
625  164  0.96084213  3.3251495  3.4611902  
626  164  -7.3723907  -14.857071  16.585678  
627  164  -15.178177  -6.602173  16.55191  
628  165  -8.623302  3.0999146  9.163559  
629  164  -6.291054  -7.0718536  9.465118  
630  164  -2.1436462  -17.02948  17.163868  
631  163  -2.3637009  -12.68074  12.899158  
632  164  -10.824394  -19.353271  22.174685  
633  164  -9.090042  -5.9936066  10.888167  
634  164  -11.115719  -21.501709  24.205013  
635  165  -9.25975  -24.833633  26.503817  
636  163  -0.30475235  7.2156067  7.222039  
637  162  -16.328865  10.797165  19.575766  
638  163  25.385658  -1.3195343  25.41993  
639  163  -10.451393  -3.194748  10.928771  
640  162  7.8299065  13.351288  15.477865  
641  163  13.747402  -3.6976318  14.235995  
642  163  4.4275894  5.5283203  7.082787  
643  163  9.857189  -25.966476  27.774487  
644  164  -8.247276  -9.949982  12.92361  
645  164  -0.032421112  -3.5368042  3.5369527  
646  164  19.110813  -13.577774  23.443104  
647  164  5.058937  -8.97934  10.3063755  
648  164  10.252396  -0.015579224  10.252408  
649  164  -16.036728  -27.247353  31.61637  
650  164  11.035141  -25.336655  27.635492  
651  164  -6.543808  -5.196579  8.356187  
652  163  17.887299  18.117477  25.459742  
653  163  -24.987694  -4.374237  25.367672  
654  164  10.349342  15.711151  18.813536  
655  164  -13.728767  -2.302658  13.920534  
656  164  -7.2898254  -15.392639  17.031586  
657  165  -7.6754  15.44339  17.24558  
658  165  8.331917  -27.279572  28.523602  
659  165  -16.348381  -14.952866  22.15531  
660  164  5.6842346  -11.711227  13.01781  
661  163  2.401825  -17.528442  17.692232  
662  162  -32.76512  -9.23671  34.04218  
663  163  -6.957649  26.902756  27.787895  
664  161  13.67334  -12.092987  18.253782  
665  164  40.964172  -16.443756  44.14137  
666  163  10.773277  -15.347626  18.75135  
667  163  -8.772911  6.2483063  10.770576  
668  163  18.951698  -0.8734741  18.971817  
669  164  8.516167  11.742279  14.505386  
670  163  18.236046  -7.524826  19.727554  
671  164  3.1288834  34.99176  35.13137  
672  164  -3.8276825  10.307663  10.995411  
673  164  -10.131638  -7.723694  12.739919  
674  165  4.8794556  15.439438  16.192139  
675  164  -5.6772537  -2.0114136  6.0230384  
676  164  -4.623909  37.471527  37.75574  
677  164  -10.066544  -16.18686  19.061733  
678  164  44.095013  -14.039459  46.27609  
679  164  -28.323479  -28.469193  40.158615  
680  164  -0.3610916  33.86917  33.871094  
681  164  -4.401436  -15.79776  16.399446  
682  163  -14.185204  3.8437958  14.69676  
683  163  12.269066  13.847305  18.500751  
684  161  26.984085  -34.785995  44.025063  
685  162  -11.107086  16.442886  19.84278  
686  163  41.244354  -16.90335  44.57376  
687  163  14.390984  -12.8092575  19.265966  
688  164  26.423775  53.1156  59.32523  
689  163  -12.877251  34.80316  37.109077  
690  164  -1.1863251  24.937302  24.965504  
691  164  41.9394  6.572891  42.45134  
692  165  2.88871  6.702675  7.298664  
693  164  -4.648781  -16.548347  17.188921  
694  164  0.86987305  20.68869  20.70697  
695  164  27.571922  27.69751  39.08149  
696  164  10.08889  -43.43074  44.587162  
697  163  -12.01889  -36.791878  38.705246  
698  163  17.609955  -2.1508026  17.740812  
699  163  14.96328  -43.165863  45.68579  
700  163  0.14790344  14.021889  14.022669  
701  164  -0.047790527  -2.1679459  2.1684725  
702  164  -18.580566  23.972198  30.329916  
703  164  -7.571068  14.013618  15.928043  
704  164  15.2973175  24.302727  28.71638  
705  164  14.937874  6.5996857  16.330828  
706  163  -49.67404  42.958755  65.67317  
707  164  -9.635292  6.3578033  11.543852  
708  164  31.328453  11.038406  33.216236  
709  164  -24.747475  -23.85151  34.37051  
710  164  -20.765022  10.942253  23.471664  
711  164  8.029182  -4.7065964  9.306977  
712  163  -11.934616  -35.699142  37.641254  
713  164  -4.4016724  -9.1221695  10.128608  
714  165  5.021263  -2.9572983  5.827409  
715  164  14.550728  -28.419792  31.928173  
716  163  23.03814  -26.102493  34.815166  
717  164  38.179077  -13.362198  40.44985  
718  163  -3.1713104  -36.006927  36.146313  
719  164  4.7769165  8.459396  9.714953  
720  163  8.128815  -24.60952  25.917294  
721  164  -24.031906  -10.058182  26.051863  
722  165  40.15152  29.67527  49.92761  
723  164  -33.79358  4.7082443  34.119987  
724  163  -12.172821  -14.104431  18.630957  
725  164  43.00863  10.684624  44.31595  
726  164  11.653275  -44.99621  46.48072  
727  164  40.082764  -11.33709  41.65522  
728  164  23.523827  -40.18361  46.562782  
729  164  -7.96019  15.696716  17.59976  
730  164  -34.409225  -58.089386  67.51572  
731  164  -1.4473572  -17.529137  17.588789  
732  164  -12.521439  -42.089874  43.91291  
733  163  30.884926  17.74395  35.619186  
734  164  -10.08371  -7.2361298  12.411397  
735  164  38.323914  18.86747  42.716553  
736  164  2.6950684  -7.9505844  8.39495  
737  163  2.516098  -56.111008  56.167393  
738  163  15.194321  14.174385  20.779331  
739  162  -5.526352  -3.2655716  6.419075  
740  163  0.72584534  18.063759  18.078337  
741  163  6.791626  -14.834862  16.315615  
742  164  16.593979  7.559433  18.234724  
743  164  -18.443726  44.13253  47.831486  
744  164  29.76374  11.659935  31.966145  
745  164  -15.372055  15.306763  21.693249  
746  164  -15.109634  -1.8941803  15.227901  
747  163  -25.826569  -7.4816666  26.888418  
748  163  25.969383  1.9769974  26.044527  
749  163  -1.858017  5.704277  5.9992504  
750  164  -7.066681  23.4113  24.45459  
751  166  -17.460114  44.598648  47.894623  
752  165  -15.138123  -9.114033  17.669985  
753  164  -0.21102905  7.0169563  7.0201287  
754  162  27.865402  3.53162  28.088306  
755  162  27.469955  6.555271  28.241282  
756  162  -14.029236  45.066315  47.199493  
757  163  63.477036  17.405716  65.82016  
758  164  -19.481766  32.564728  37.947342  
759  164  -31.878372  20.308147  37.797504  
760  164  19.092773  4.4021187  19.593689  
761  164  -5.02652  -29.938656  30.357685  
762  163  22.850357  6.6398315  23.795507  
763  164  2.5428925  14.267097  14.491941  
764  164  -13.623138  3.6134071  14.094205  
765  164  -21.9729  4.7524796  22.480978  
766  163  -10.109467  11.284813  15.150852  
767  163  28.006607  16.016617  32.263016  
768  163  93.993195  -30.017673  98.67006  
769  165  -10.689117  22.821342  25.200613  
770  164  2.553421  19.455784  19.622627  
771  165  -7.96373  -43.9502  44.665882  
772  163  8.585083  -3.2634277  9.1844225  
773  164  6.0386963  11.2427635  12.76188  
774  164  -4.58078  7.8860245  9.119919  
775  164  -20.432602  -22.754025  30.581642  
776  164  -1.6543884  12.749172  12.856065  
777  165  -3.6289215  -5.062847  6.2290845  
778  164  -20.271652  22.131668  30.012508  
779  164  2.8368835  6.3158607  6.923728  
780  164  -4.7494354  6.9848766  8.446635  
781  163  22.674591  15.856237  27.668707  
782  163  -6.0650635  -21.742088  22.572182  
783  163  -12.045364  8.346542  14.654541  
784  164  8.388977  8.97493  12.285125  
785  164  -12.366043  -5.2615147  13.438845  
786  165  -19.942307  5.5718613  20.706066  
787  165  -4.1088104  -2.5619202  4.842082  
788  165  13.248398  -18.547787  22.793428  
789  165  15.085358  5.196636  15.955345  
790  163  23.661224  -17.824715  29.623875  
791  162  18.614807  -15.832245  24.437082  
792  163  -10.886902  -23.49916  25.898556  
793  163  20.546707  23.713951  31.37704  
794  163  12.503098  -2.3674822  12.725267  
795  163  -29.597153  -28.815367  41.30759  
796  163  26.131805  10.846192  28.293306  
797  162  31.853622  25.136774  40.57722  
798  164  40.596207  13.545429  42.796387  
799  165  71.18274  14.793303  72.703674  
