n v(n)    Re(T)       Im(T)        Mod(T) 
   
0  164  130943.0  0.0  130943.0  
1  165  -3.1510773  7.3959827  8.039269  
2  165  9.55455  -13.641095  16.654396  
3  164  -4.764923  8.246483  9.524126  
4  163  13.450272  -3.4108543  13.876013  
5  163  -11.731583  4.545658  12.581456  
6  164  -12.438995  9.456285  15.625298  
7  162  -18.80809  32.011765  37.12812  
8  163  14.953918  21.280067  26.008863  
9  163  3.314972  5.119501  6.0990434  
10  163  17.853134  -5.831809  18.781492  
11  163  -11.994919  -8.695349  14.8151  
12  164  4.9103546  -25.812634  26.275534  
13  163  -4.4897766  21.843174  22.299828  
14  163  -18.138962  2.9887447  18.38354  
15  164  -33.477875  -6.162945  34.040417  
16  165  -20.285065  -12.730312  23.948793  
17  165  -17.316162  3.6195965  17.690418  
18  164  22.562958  2.408987  22.691193  
19  163  -0.72839355  -5.3532295  5.4025574  
20  164  -14.391388  26.4102  30.076748  
21  164  4.3756104  4.144516  6.026855  
22  165  -31.166885  13.6473675  34.023895  
23  164  5.466278  -9.95554  11.357507  
24  163  -19.120377  5.782799  19.975725  
25  163  -36.15657  7.7686195  36.98174  
26  164  -5.8806  27.131897  27.761868  
27  164  3.008545  -0.2463646  3.0186152  
28  164  21.960022  7.981758  23.365595  
29  164  -3.0340576  6.668106  7.3259225  
30  164  -31.686935  -14.0128975  34.647125  
31  164  -4.279907  -6.0874176  7.441388  
32  164  -0.33537292  -16.23022  16.233686  
33  163  26.993439  23.846966  36.018375  
34  163  3.5473633  1.9769058  4.0610275  
35  163  5.3880463  -27.262566  27.7899  
36  163  6.372223  26.449326  27.206102  
37  163  -1.3742981  -6.168194  6.319439  
38  163  45.40898  11.227634  46.77644  
39  163  -3.4189606  1.9939537  3.9579215  
40  163  15.699097  9.0737915  18.132715  
41  164  -12.048782  -28.424915  30.873112  
42  164  -6.1042633  6.9340515  9.238133  
43  164  -27.0672  -18.694271  32.895428  
44  164  14.607712  27.707336  31.322224  
45  163  7.2609406  -36.00408  36.728943  
46  164  -20.423615  -23.03386  30.784454  
47  164  9.445572  35.6085  36.83998  
48  163  2.89917  -14.183174  14.47645  
49  164  -3.432602  16.324081  16.681078  
50  164  -16.256699  24.67749  29.550953  
51  163  27.088303  -41.215244  49.320103  
52  163  11.867783  -32.387314  34.49322  
53  162  -1.1693726  38.80677  38.824387  
54  163  -7.2832336  10.284927  12.602588  
55  163  -9.869659  7.3807526  12.324191  
56  164  29.609055  -68.26495  74.409676  
57  165  21.635574  -15.963478  26.887371  
58  164  7.878769  -11.876968  14.252627  
59  164  6.526932  -21.578842  22.54434  
60  164  4.502136  -2.5648499  5.181475  
61  164  -30.380447  -55.32885  63.12094  
62  163  -61.679977  -2.38385  61.72603  
63  164  -14.15181  28.735107  32.030926  
64  163  7.3677673  9.281708  11.85049  
65  165  -13.522842  -48.670654  50.51435  
66  163  22.414497  -16.889938  28.065632  
67  164  -4.4995728  -40.951683  41.198135  
68  163  -5.3202667  -5.6258698  7.7431035  
69  164  6.0606537  -48.568367  48.94505  
70  163  0.3889923  -23.765457  23.76864  
71  164  -5.0701904  28.85987  29.30186  
72  164  4.4105377  -24.172928  24.572002  
73  164  -6.855652  3.6926346  7.786881  
74  165  16.166588  -17.568108  23.874609  
75  164  21.488213  -60.44008  64.14629  
76  164  -4.7967224  13.378517  14.212434  
77  164  56.67138  -25.56424  62.170536  
78  163  19.908646  26.97905  33.529438  
79  164  -12.355194  -36.92106  38.933475  
80  163  6.0534973  -19.779991  20.685572  
81  164  23.181473  52.89428  57.751064  
82  164  6.848404  38.378647  38.984882  
83  166  17.535233  -9.943817  20.15847  
84  165  3.0294495  -25.685478  25.863514  
85  164  8.663628  11.779312  14.622265  
86  165  -63.427376  -42.620056  76.416626  
87  165  22.429817  -3.4850922  22.698956  
88  164  12.18045  -35.805374  37.820473  
89  164  17.647614  -15.415115  23.432116  
90  164  4.8644104  0.88716125  4.9446483  
91  163  4.4879303  14.211227  14.903036  
92  163  -1.8874893  22.762985  22.841106  
93  163  -43.02533  -26.966194  50.7775  
94  164  14.956345  -9.52504  17.731853  
95  163  10.671707  -9.534027  14.310242  
96  164  -7.246498  17.698647  19.124693  
97  165  31.032242  25.880142  40.407696  
98  165  12.112595  0.22553253  12.114694  
99  165  25.961601  -22.350288  34.256973  
100  163  -46.1184  -27.184479  53.534126  
101  163  -15.661903  -52.206284  54.504967  
102  162  39.63627  -31.307587  50.50939  
103  163  -4.937126  10.497864  11.600878  
104  163  26.573776  7.867981  27.714088  
105  164  -5.4095078  5.4100494  7.6505823  
106  163  9.322807  1.4675522  9.437608  
107  165  8.475822  -5.875778  10.313309  
108  163  3.719658  -24.483574  24.764517  
109  164  16.151611  -15.564217  22.430323  
110  163  8.201897  17.362717  19.202475  
111  164  34.88896  -9.030533  36.03873  
112  164  12.4203415  10.548538  16.295292  
113  164  -20.50888  -1.6762238  20.577267  
114  164  22.41613  -31.24302  38.452686  
115  164  17.042969  4.222641  17.558287  
116  163  3.642891  -9.466965  10.143672  
117  164  38.13341  -19.291168  42.735306  
118  162  -17.560287  -0.9485626  17.58589  
119  164  -14.436813  -1.9802856  14.571998  
120  163  1.6715698  12.664688  12.774524  
121  164  -18.31218  12.339066  22.081406  
122  163  10.262947  -5.9929047  11.884569  
123  164  -2.5119247  -11.914932  12.176838  
124  165  -9.57122  7.6896973  12.27761  
125  164  -0.60891724  -1.9096069  2.00434  
126  164  0.5993881  -9.430405  9.449434  
127  162  -1.1013031  7.6755066  7.754113  
128  163  23.865967  39.462296  46.117863  
129  163  -8.619225  5.991791  10.497266  
130  163  -21.629707  2.0546875  21.72708  
131  164  -8.015648  -15.909546  17.81472  
132  163  -8.561432  -10.13089  13.263975  
133  162  -10.785156  12.5052185  16.513634  
134  163  16.41552  1.9883575  16.535503  
135  163  7.2724686  2.7424011  7.772359  
136  164  -10.015488  20.125793  22.48016  
137  164  17.349533  -41.547546  45.02449  
138  164  -14.3337555  25.724823  29.448652  
139  162  17.596016  21.85376  28.057203  
140  163  -2.2668152  -1.9718323  3.0044255  
141  164  -0.79154205  12.143478  12.169249  
142  164  -5.48497  -8.112183  9.792467  
143  163  -3.4039536  11.684784  12.170501  
144  165  -0.8402786  -3.445984  3.5469525  
145  165  4.3051147  -22.811874  23.214556  
146  165  -7.664398  4.212616  8.745807  
147  164  35.465073  -8.454025  36.45877  
148  164  30.05806  -2.6840973  30.177664  
149  163  -14.934483  -14.836853  21.051626  
150  163  -3.0177917  -11.073837  11.477672  
151  163  1.4704704  6.7362823  6.89491  
152  163  0.45911407  5.049164  5.069994  
153  163  3.8557205  -13.027588  13.586192  
154  163  25.412292  -16.022507  30.041727  
155  163  22.163883  -9.646393  24.172104  
156  164  -12.066372  -9.265533  15.213397  
157  163  3.0720978  -9.487366  9.972357  
158  163  -7.8965073  -8.191559  11.377893  
159  163  -11.400677  16.102707  19.729992  
160  163  9.203934  -48.026886  48.90086  
161  164  -14.948593  -3.2831116  15.304877  
162  165  -11.061874  -12.017349  16.333454  
163  164  -12.3601265  -1.2569275  12.423872  
164  164  20.728535  -6.6326904  21.76384  
165  165  -12.714653  -30.133713  32.706314  
166  164  -17.720009  2.578186  17.906584  
167  163  -5.5007095  -9.6406555  11.099551  
168  162  -1.1156006  -12.241531  12.29226  
169  163  -6.3871727  12.335617  13.891128  
170  162  18.455757  -7.276184  19.838291  
171  165  23.099506  16.133698  28.175938  
172  165  -22.608925  18.18753  29.016369  
173  165  20.713146  0.41226196  20.717249  
174  165  6.2794266  -11.728012  13.3032875  
175  165  9.194775  20.19635  22.190908  
176  164  -10.032068  -2.7057037  10.390535  
177  164  -5.297844  20.528183  21.200788  
178  164  -6.148388  -0.69841003  6.1879277  
179  163  -24.051086  13.655884  27.65751  
180  164  3.0821953  -20.161713  20.395947  
181  163  6.7885666  1.3925323  6.9299197  
182  163  -11.912165  13.380341  17.914608  
183  163  9.842451  -5.572586  11.310506  
184  165  -6.0010853  -16.74228  17.785301  
185  164  3.3048782  1.1338501  3.4939713  
186  165  17.425709  15.988098  23.648987  
187  164  8.973116  -14.838867  17.340958  
188  164  17.889387  -3.7903137  18.286516  
189  164  -12.417526  5.150955  13.443485  
190  164  -12.283865  2.742218  12.586226  
191  163  -7.6016026  -0.96894836  7.663108  
192  163  8.280229  -10.413452  13.304216  
193  163  13.350868  12.440338  18.248499  
194  164  10.33222  17.124146  19.999779  
195  163  -9.941172  -11.5346985  15.22748  
196  164  -15.506506  -3.3927917  15.873335  
197  163  -9.364314  -10.271698  13.899573  
198  164  -6.74084  10.392609  12.387301  
199  163  4.726193  -10.260529  11.296697  
200  164  -8.040974  -23.133133  24.490795  
201  165  -0.53031456  2.0270233  2.095246  
202  164  11.852307  2.1506195  12.045844  
203  163  5.6997557  11.661697  12.980078  
204  164  -5.6697054  9.204651  10.810697  
205  164  7.687147  -2.0618439  7.958859  
206  164  -30.553158  11.332169  32.587013  
207  163  6.687665  -10.880737  12.77166  
208  162  -14.614796  -9.1651  17.250835  
209  163  -8.161971  10.213364  13.074042  
210  164  7.7398357  -8.440018  11.451592  
211  164  -1.6009083  -13.09082  13.188347  
212  164  0.7853899  -3.998642  4.0750427  
213  164  6.9567814  -7.953766  10.566892  
214  164  8.233303  -10.301315  13.187281  
215  164  3.9105663  5.906128  7.0834227  
216  164  -19.458551  -14.831528  24.466496  
217  165  -7.6216793  9.707169  12.3417635  
218  164  -16.941887  -3.2438202  17.249634  
219  164  -9.475033  1.2169952  9.55287  
220  163  -3.8433418  9.097183  9.875729  
221  164  13.000427  -4.475418  13.749199  
222  163  -3.5870438  8.618362  9.335044  
223  164  5.4389114  -4.575531  7.107548  
224  163  -3.4254303  -12.502396  12.963158  
225  164  -13.791889  2.9471436  14.103257  
226  163  3.1790009  -4.199753  5.2672544  
227  164  7.7852783  -4.17601  8.83457  
228  163  -12.181427  3.1080322  12.571675  
229  164  -5.550186  -10.429153  11.814052  
230  163  -8.025982  21.16304  22.633839  
231  164  3.5118217  -9.823456  10.432314  
232  163  9.609825  13.879562  16.881676  
233  163  -3.4672585  2.311203  4.1669583  
234  165  -15.457642  -12.066772  19.609837  
235  164  -22.34467  -2.1910706  22.451838  
236  165  3.5746155  15.004868  15.424783  
237  165  8.596569  14.925705  17.224333  
238  164  -8.835892  10.7933655  13.948825  
239  164  10.720173  9.648239  14.422573  
240  164  7.3832855  -2.3908997  7.760754  
241  163  -23.144836  -5.7073975  23.83816  
242  161  -2.87883  18.127838  18.355005  
243  163  8.771507  -9.717331  13.090678  
244  164  -8.609203  -15.127396  17.405645  
245  163  -0.09497833  11.167191  11.167594  
246  163  -4.254551  1.5903015  4.5420547  
247  164  1.3860588  16.648743  16.70634  
248  162  -4.0912704  -1.4745026  4.348868  
249  164  -1.9870987  -8.024063  8.266447  
250  164  14.220108  13.972931  19.936256  
251  163  -3.9409027  -5.0220184  6.383681  
252  164  1.2724533  2.0722656  2.431753  
253  164  4.862503  9.329697  10.520798  
254  165  -13.592293  -2.6587677  13.849891  
255  164  -8.755165  2.7624207  9.180625  
256  163  7.6891556  11.269394  13.642667  
257  163  9.489807  -19.090744  21.31931  
258  163  -5.3362656  -11.226074  12.429822  
259  163  0.53256226  13.422668  13.433229  
260  163  5.039299  -12.234253  13.231458  
261  163  9.3183365  -0.6811371  9.343198  
262  164  5.0822983  -9.6818695  10.9347315  
263  163  -0.84656525  0.44918823  0.95835423  
264  164  -21.13771  -45.75807  50.404404  
265  163  26.884827  44.6819  52.146584  
266  164  4.2644424  17.59336  18.102812  
267  164  2.625885  0.44474792  2.6632824  
268  165  0.82914734  0.6735077  1.0682218  
269  164  -7.068825  16.01352  17.504316  
270  164  4.3444977  0.3204651  4.356301  
271  164  4.6389694  -2.868225  5.454058  
272  163  -2.193634  2.7546692  3.5213964  
273  163  -2.5363998  -1.2225952  2.8156817  
274  164  -4.757927  -9.224625  10.379382  
275  164  20.080116  -4.2588806  20.52679  
276  163  7.2207947  3.7484283  8.13576  
277  164  4.348709  4.124771  5.993747  
278  163  -5.9737473  -0.9569855  6.049916  
279  163  21.335442  -1.2163696  21.370087  
280  164  5.265007  -2.7773285  5.9526343  
281  165  9.253357  -8.351166  12.464613  
282  164  -7.904579  -1.8108673  8.109353  
283  164  17.97689  -5.272339  18.73409  
284  163  -10.824944  -12.827942  16.784979  
285  162  3.560135  3.5714188  5.042776  
286  164  6.106209  6.985977  9.278451  
287  164  -8.224403  -13.536598  15.839201  
288  164  2.6291656  9.522675  9.87896  
289  164  7.924698  -13.029274  15.25001  
290  163  -4.426956  22.488693  22.92028  
291  164  4.245453  -0.055541992  4.245816  
292  163  7.080513  -0.48695374  7.097238  
293  164  5.250267  -0.7282791  5.300537  
294  164  4.395653  -0.5583496  4.4309726  
295  161  7.7398224  -16.322548  18.064617  
296  162  -13.604378  7.175789  15.380866  
297  163  2.9846954  -3.0217896  4.2473073  
298  163  -7.214737  -6.0883255  9.440346  
299  163  6.8002625  -3.7815857  7.781  
300  165  -22.018387  -11.226334  24.715176  
301  165  -7.474472  -6.6575775  10.009549  
302  166  9.769035  -5.287239  11.108058  
303  163  0.41513824  -5.6772766  5.6924343  
304  165  -8.186508  17.514587  19.333384  
305  165  17.5326  1.7172699  17.6165  
306  164  -2.0260544  -2.7190857  3.3909178  
307  163  14.423531  10.947563  18.10766  
308  162  15.160805  0.020904541  15.160819  
309  163  -9.808762  5.8023605  11.396456  
310  164  -1.4592438  -3.6362076  3.918086  
311  164  9.779327  9.645988  13.736095  
312  164  -12.5600815  -1.6580124  12.669044  
313  164  0.80574036  8.689125  8.726403  
314  164  -10.929367  -1.6897125  11.059213  
315  164  6.805664  -8.93528  11.231932  
316  165  -5.0206757  -4.432701  6.697464  
317  164  -0.3588562  -6.71019  6.7197785  
318  162  13.720779  1.9930801  13.86478  
319  163  -10.911285  -12.886192  16.885204  
320  163  -20.84845  20.203133  29.031439  
321  164  3.930893  26.092865  26.387299  
322  164  3.3202667  1.531868  3.656609  
323  164  2.3300781  4.9178314  5.441905  
324  163  9.820999  -4.3954773  10.759751  
325  163  -1.5573578  -18.566643  18.631844  
326  163  -2.885788  3.1582413  4.2781143  
327  163  -2.5652618  -7.1597443  7.6054263  
328  163  0.673996  2.1067657  2.2119522  
329  164  3.9383698  1.0232239  4.069121  
330  163  1.835022  -3.4470215  3.9050305  
331  164  11.797256  8.674942  14.643424  
332  163  -19.056961  -9.330261  21.218424  
333  164  -9.21785  17.426758  19.714478  
334  163  -11.294937  -8.615646  14.205808  
335  163  -1.2411499  5.365448  5.5071306  
336  164  19.05037  -11.89901  22.461143  
337  164  -10.520859  0.9071045  10.559892  
338  164  -8.092178  -6.1026306  10.135356  
339  164  -13.275452  -10.248581  16.771137  
340  164  -4.813965  5.7872925  7.5277495  
341  164  -22.616425  7.7136917  23.895683  
342  163  14.719879  12.158005  19.091671  
343  163  -20.949219  6.0666122  21.80994  
344  163  9.703354  -20.141235  22.356754  
345  164  -12.349091  -2.2256393  12.548048  
346  165  2.4403534  -0.9905853  2.6337395  
347  165  -3.4494934  -14.221062  14.633441  
348  163  -8.841797  4.3118973  9.837166  
349  163  11.215378  -10.985374  15.699145  
350  163  4.6889496  -6.40036  7.934158  
351  163  2.6647034  9.721333  10.079928  
352  163  -12.923874  9.596951  16.097452  
353  163  -21.136856  1.8158798  21.214714  
354  163  -24.536606  1.3137207  24.57175  
355  165  36.170166  20.019165  41.340633  
356  166  2.4626007  -11.224548  11.491513  
357  164  5.3146973  3.5805779  6.4083185  
358  165  -2.124588  -19.817738  19.931297  
359  163  2.5692902  10.047394  10.370698  
360  164  -4.4684906  -16.667458  17.256058  
361  164  -10.765106  -3.3554306  11.275922  
362  164  -17.947662  2.0288124  18.061968  
363  163  2.0729523  -1.9702034  2.859866  
364  163  -6.300125  8.145748  10.297805  
365  164  8.620209  -2.8064613  9.065552  
366  162  16.4496  6.618286  17.731075  
367  164  8.703262  -9.760468  13.077212  
368  162  -1.4837341  22.675316  22.723806  
369  163  7.3063507  -5.5690956  9.186815  
370  163  18.12645  -6.8322906  19.371328  
371  163  -4.031143  -2.4004402  4.691719  
372  163  -3.4786377  12.002144  12.496095  
373  163  9.192627  17.300503  19.591116  
374  165  -9.018967  -10.033287  13.491056  
375  165  1.1088715  2.433836  2.674538  
376  164  2.749527  -0.087451935  2.7509174  
377  164  -17.124329  0.36930847  17.128311  
378  163  -15.957275  11.030046  19.398365  
379  164  -0.12547302  4.286495  4.288331  
380  163  0.039978027  -1.0684547  1.0692024  
381  163  1.4824982  18.748575  18.807096  
382  163  25.544724  9.6352005  27.301466  
383  164  8.219009  19.884352  21.516031  
384  163  0.6247406  10.956381  10.974178  
385  164  -51.711678  -51.039482  72.6576  
386  165  -15.055252  -3.491127  15.454727  
387  164  3.7207642  6.0298634  7.0854316  
388  164  26.943146  1.0866814  26.96505  
389  163  4.967041  0.6113157  5.0045185  
390  163  -3.42688  9.561556  10.157108  
391  164  -0.6773987  9.318063  9.342653  
392  164  10.256622  1.8682146  10.425379  
393  164  -28.49681  16.897606  33.130005  
394  164  11.80661  11.011621  16.144716  
395  164  25.706802  3.1624823  25.900597  
396  165  9.190247  -5.8034697  10.869264  
397  164  12.126953  -14.615973  18.99183  
398  165  -6.2302856  -4.486686  7.677683  
399  164  -1.3284149  -9.088978  9.185543  
400  163  -6.9999695  -0.14067641  7.001383  
401  164  -1.2535553  8.806379  8.895151  
402  164  -6.1206512  4.1884665  7.4165773  
403  163  11.840805  13.9538  18.300634  
404  164  9.1371155  5.5657234  10.698792  
405  164  25.887589  -3.670608  26.146523  
406  164  11.917419  -11.480079  16.547419  
407  164  -28.662262  -17.288332  33.47255  
408  163  10.380524  -1.9691534  10.565644  
409  163  -0.61512756  -9.604182  9.623861  
410  165  -3.0996704  -9.695324  10.178765  
411  163  4.481125  -1.3833933  4.6898036  
412  164  27.128922  -1.1879654  27.154919  
413  164  3.813614  -6.184742  7.265995  
414  164  -15.065277  3.2406387  15.409877  
415  164  -51.920723  50.561066  72.47195  
416  165  0.6691437  -11.199345  11.219317  
417  164  8.355255  -20.389643  22.035149  
418  163  25.493637  -9.832771  27.324146  
419  165  1.4925842  -19.293755  19.351402  
420  164  -0.13305664  0.5761566  0.591321  
421  165  0.018356323  -4.448992  4.44903  
422  164  -16.004227  -11.536064  19.72856  
423  164  -17.106552  -0.76273537  17.123549  
424  164  2.9972992  -0.49362373  3.0376747  
425  164  1.3119812  -2.7299118  3.0288138  
426  163  -8.744064  9.715122  13.070663  
427  163  9.366257  -17.693943  20.02005  
428  163  -3.3589478  -12.380318  12.827891  
429  163  -4.1626434  2.1100655  4.666902  
430  164  18.138535  6.4267273  19.243422  
431  164  7.362976  5.1671944  8.995183  
432  164  -1.6035461  -23.009048  23.064857  
433  164  8.538757  9.713249  12.932811  
434  164  16.318512  -7.380451  17.90991  
435  164  8.418121  2.2959328  8.725599  
436  163  -6.11174  -8.243042  10.261633  
437  165  1.946228  1.7919922  2.6455698  
438  164  -18.214127  -2.3449974  18.36446  
439  164  -10.763672  3.0337334  11.18303  
440  163  -4.6335297  16.282555  16.929005  
441  164  2.2924652  -10.392529  10.64237  
442  163  -2.0820618  19.354393  19.46606  
443  163  5.3538055  -4.030861  6.7015724  
444  163  2.5437012  11.235828  11.520167  
445  163  36.237152  -20.062325  41.42014  
446  163  -24.353256  -1.6402893  24.408434  
447  164  -21.403473  -2.105606  21.506794  
448  163  -12.57692  -10.258911  16.230347  
449  164  2.6735382  -9.95285  10.305679  
450  164  4.8883057  6.056698  7.7832594  
451  163  11.159409  10.607376  15.39639  
452  164  -8.748993  -4.5978317  9.883569  
453  163  -3.2532501  13.962669  14.3366585  
454  163  2.5434875  0.579834  2.6087422  
455  163  -12.325897  1.9537964  12.479787  
456  164  9.100647  19.80935  21.799818  
457  164  -20.75058  -6.5311127  21.754126  
458  165  15.852463  -13.318275  20.704517  
459  165  -22.535973  -8.2248535  23.989962  
460  165  -4.7883606  -6.2604523  7.8817296  
461  165  -13.080261  9.752907  16.316017  
462  164  -7.9416504  5.845291  9.860894  
463  164  -10.2816925  -1.2246017  10.354364  
464  163  18.546234  11.376472  21.757458  
465  163  -1.1868134  -5.56929  5.6943407  
466  162  -10.816757  8.171333  13.556287  
467  163  -8.589569  -17.644249  19.62397  
468  165  -19.145988  9.062996  21.182701  
469  164  11.675369  -9.027779  14.758558  
470  164  1.9092407  3.3872375  3.8882616  
471  164  4.1732635  -1.140213  4.326224  
472  164  0.8208313  -2.3568726  2.4957187  
473  163  -2.3085175  7.036972  7.405959  
474  162  -2.6601715  -4.013733  4.8152432  
475  163  -1.3544922  18.22882  18.279076  
476  164  9.647125  4.4153595  10.609544  
477  164  2.71109  -5.154175  5.823704  
478  164  3.1649017  -1.7557297  3.6192803  
479  164  4.869293  -26.393257  26.838667  
480  165  -20.905334  -20.46521  29.255049  
481  163  -10.765076  12.68354  16.636076  
482  163  13.651657  -2.2793274  13.840631  
483  163  -0.22773743  6.328903  6.332999  
484  163  -4.728775  3.8596344  6.1039405  
485  165  6.6352844  8.696373  10.9386425  
486  166  -10.616539  1.473587  10.718319  
487  164  0.94555664  -8.628563  8.680218  
488  163  -12.346794  1.3480606  12.420169  
489  164  10.147491  -10.01165  14.254989  
490  164  -1.5648346  3.3300095  3.6793573  
491  165  -9.56826  -6.0817947  11.337541  
492  165  15.196465  -0.549263  15.206388  
493  165  14.523987  -10.900406  18.159433  
494  163  -1.7359924  2.1016922  2.7259457  
495  163  17.539276  -2.1407318  17.669436  
496  163  -8.180313  -17.959297  19.734585  
497  162  0.6667099  5.295555  5.3373594  
498  163  10.04509  5.5756836  11.48878  
499  163  -7.4293594  6.406166  9.809911  
500  164  -21.870712  10.817978  24.399933  
501  164  6.6931915  3.5042648  7.5550437  
502  164  -6.275116  5.1202393  8.099009  
503  164  2.8446274  2.5665894  3.8313556  
504  164  -13.492287  -7.516678  15.444813  
505  164  7.8990936  16.116814  17.948463  
506  164  4.757675  0.1484909  4.7599916  
507  164  5.328308  0.29188538  5.336297  
508  164  7.368164  -0.035064697  7.3682475  
509  163  4.1193085  -0.014060974  4.119333  
510  164  -4.573715  -22.54248  23.00179  
511  163  9.055046  12.006081  15.037947  
512  164  2.7243652  -9.904068  10.271938  
513  163  -8.100372  13.378326  15.639554  
514  164  6.2987213  -7.2734528  9.621695  
515  163  4.037758  -4.303032  5.900811  
516  163  -10.455185  12.729996  16.47312  
517  162  18.200562  5.1022034  18.902193  
518  163  -7.654373  1.5020294  7.800354  
519  164  9.320763  7.7522583  12.123288  
520  164  4.7813034  3.628189  6.0020514  
521  164  21.524597  0.8110962  21.539873  
522  164  -5.7204895  0.75627136  5.7702637  
523  163  4.284111  -5.1384277  6.690071  
524  164  7.2047806  -4.19545  8.337306  
525  164  20.354012  3.4906158  20.651155  
526  164  -4.5587387  9.064667  10.146441  
527  164  -2.2586365  1.0194092  2.4780302  
528  164  -2.103241  -2.9475555  3.6210089  
529  163  5.3454666  2.7479095  6.0104094  
530  163  4.0723343  -0.007873535  4.072342  
531  164  -6.87397  -16.486732  17.862358  
532  164  1.3284988  -0.93299866  1.6233901  
533  164  2.7015076  -0.84080505  2.8293278  
534  165  4.26709  -17.943863  18.444248  
535  164  27.109337  -44.75245  52.323013  
536  163  -21.163902  45.51735  50.19701  
537  163  -0.6124344  -0.7925415  1.0015976  
538  163  5.2176285  9.268753  10.63642  
539  163  9.472038  0.31451416  9.477259  
540  164  6.460449  12.200607  13.805514  
541  164  0.86206055  -13.62439  13.651635  
542  164  -5.081604  10.8624115  11.992276  
543  165  9.832787  18.957733  21.356014  
544  163  7.9592133  -11.602371  14.069971  
545  164  -8.669037  -3.4791412  9.3411255  
546  164  -13.489532  2.164154  13.662029  
547  164  4.525093  -9.27002  10.315509  
548  163  1.4301758  -2.6251068  2.9894128  
549  164  -3.481659  4.592346  5.76295  
550  164  14.34383  -14.395126  20.321545  
551  164  -1.961792  7.739273  7.984045  
552  164  -4.129429  1.1319427  4.281761  
553  164  1.3878174  -16.851822  16.90887  
554  163  -3.9587898  -1.9026794  4.392289  
555  164  0.14905548  -11.322662  11.323644  
556  165  -8.182541  14.878281  16.979906  
557  164  9.492317  9.625778  13.518865  
558  163  -2.338192  -18.627533  18.773708  
559  163  -23.015102  5.455078  23.652756  
560  163  7.5924683  2.0215302  7.8569813  
561  165  11.16494  -9.999313  14.988067  
562  165  -8.769218  -10.532089  13.704893  
563  163  8.646473  -15.693207  17.91754  
564  163  3.6747932  -14.884979  15.331885  
565  163  -22.131718  1.943222  22.216864  
566  163  -15.22567  11.80986  19.268986  
567  163  -3.1561089  -2.7006683  4.1538696  
568  163  10.025982  -14.17128  17.359306  
569  163  4.414318  9.208466  10.211858  
570  165  -7.217182  -21.32306  22.511343  
571  165  -5.2027016  10.106018  11.366605  
572  165  -11.990578  -3.3725433  12.455842  
573  165  8.010345  3.8089447  8.869819  
574  164  3.1050835  4.121277  5.160084  
575  163  -13.631212  -3.066452  13.971868  
576  163  -3.072729  11.989914  12.377387  
577  162  5.675419  4.3105316  7.126785  
578  162  -3.7119064  -9.020142  9.754035  
579  164  13.267099  4.1681366  13.906448  
580  164  -3.469553  -9.337006  9.960796  
581  164  -8.934383  -1.4133301  9.04548  
582  164  -17.05996  3.3664703  17.388943  
583  164  -6.9046307  -9.922195  12.088171  
584  163  -19.114372  14.511047  23.998535  
585  163  3.922943  -5.9887085  7.159198  
586  163  8.396101  10.082809  13.120883  
587  163  7.0590134  7.652176  10.410834  
588  164  0.8415098  3.480194  3.5804873  
589  164  -1.3397236  12.771851  12.841925  
590  163  7.9011145  8.321487  11.474962  
591  164  -7.959811  -10.761063  13.385031  
592  164  -14.317182  8.785324  16.797726  
593  164  6.1085405  10.453445  12.107386  
594  163  -30.264454  -11.62265  32.419487  
595  163  7.951189  1.5744171  8.105566  
596  163  -5.2802567  -9.428131  10.806052  
597  165  5.857543  -12.017349  13.3689  
598  164  12.026887  -2.7237701  12.331462  
599  164  -1.685327  -0.16661072  1.6935426  
600  164  -7.6260557  22.639954  23.889835  
601  164  5.024876  10.195831  11.36681  
602  164  -6.4682045  -10.413605  12.258908  
603  164  -8.641551  9.445999  12.802473  
604  165  -15.072931  2.930481  15.355162  
605  164  -9.699648  11.232529  14.840919  
606  164  10.814777  -17.33168  20.429062  
607  163  13.287634  -12.716461  18.392107  
608  163  8.522341  10.171646  13.269992  
609  163  -7.2847567  0.6296234  7.3119154  
610  164  -11.967029  -3.1219635  12.367556  
611  163  -12.067405  -5.336731  13.194808  
612  164  18.508156  3.296524  18.799438  
613  164  9.451855  14.618301  17.407822  
614  164  17.554752  -16.1389  23.846035  
615  163  2.602806  -1.1396637  2.8413787  
616  163  -5.5040016  16.515472  17.408472  
617  164  10.544035  5.5772095  11.928199  
618  164  -11.220522  -13.814606  17.797289  
619  164  6.955843  -1.6872253  7.157547  
620  165  3.6418095  19.833313  20.164898  
621  164  -23.491734  -14.060486  27.378073  
622  164  -5.701502  0.43678284  5.718208  
623  163  -4.6756325  -20.946777  21.46227  
624  163  -9.64394  2.3874207  9.935057  
625  163  9.79068  -20.420639  22.64641  
626  164  6.734398  11.5199585  13.34397  
627  163  21.703152  -2.705368  21.871119  
628  164  -22.301823  -18.571243  29.021757  
629  164  23.734219  -16.162552  28.714825  
630  165  18.898987  6.88591  20.114359  
631  166  -6.103897  -12.700699  14.09132  
632  164  -0.92614365  11.6353  11.672101  
633  164  -5.053299  9.49086  10.752314  
634  164  -17.321602  -2.927124  17.567184  
635  163  -12.470066  29.697617  32.209484  
636  163  21.160301  6.220993  22.055819  
637  163  -11.944389  1.0106506  11.98707  
638  163  -10.516132  11.528809  15.604566  
639  162  -14.627216  3.0262756  14.936995  
640  163  9.901321  47.96512  48.97641  
641  163  -11.1077  -16.358047  19.772879  
642  163  -7.3620224  8.1202545  10.960744  
643  164  3.4799538  8.771408  9.436507  
644  163  -11.483074  8.999008  14.589145  
645  164  22.618992  9.123215  24.389585  
646  163  25.984093  15.746719  30.383091  
647  164  4.2717247  12.539154  13.246812  
648  163  1.098053  -5.5783997  5.6854434  
649  165  1.9397888  -7.0012665  7.2650194  
650  164  -2.369625  10.73555  10.993959  
651  164  -14.135963  14.226685  20.055523  
652  163  30.610725  2.3953247  30.7043  
653  163  35.960106  8.101471  36.861404  
654  164  -7.191902  -4.2416077  8.349532  
655  164  4.7085724  21.829666  22.331703  
656  163  -0.32762146  3.1821442  3.198965  
657  163  -2.9970245  -11.987122  12.356102  
658  164  -4.913109  7.6861115  9.122223  
659  164  -0.11656189  -12.439072  12.439617  
660  164  -1.7449417  1.752121  2.472802  
661  164  18.422813  -22.049515  28.73293  
662  165  -13.966728  -26.100128  29.60213  
663  164  17.938393  41.342163  45.066177  
664  164  -9.658928  -20.37741  22.550694  
665  163  8.027771  -3.0554047  8.589563  
666  164  16.830772  -2.5166626  17.017887  
667  164  -10.248909  -12.597717  16.240154  
668  164  -7.3663254  9.450729  11.982448  
669  163  -7.1266937  14.843597  16.465786  
670  163  -21.066757  -2.9432373  21.271364  
671  162  -7.93499  -6.488678  10.25022  
672  164  24.501312  -39.87906  46.80442  
673  164  -0.7404175  -8.114487  8.148197  
674  165  1.298729  9.172485  9.263972  
675  165  -0.22994995  1.4911804  1.5088061  
676  166  -9.114494  -8.74852  12.633709  
677  164  -1.2029648  11.559525  11.62195  
678  163  10.7163315  5.5924683  12.087823  
679  163  -17.670227  -12.742706  21.785625  
680  163  2.685173  -12.925293  13.201263  
681  164  -14.326118  1.2254944  14.378439  
682  164  -16.93525  0.74464417  16.951612  
683  164  38.6363  19.128693  43.1123  
684  164  4.4158325  9.375305  10.3632  
685  164  17.908073  -4.5993347  18.489265  
686  163  22.794365  30.334595  37.944313  
687  162  -19.877708  1.3238144  19.921741  
688  162  13.364464  -10.598106  17.056633  
689  163  35.637436  8.651062  36.672436  
690  163  8.728752  -17.813995  19.83758  
691  165  16.922562  15.496635  22.945997  
692  165  4.2156982  24.406815  24.76822  
693  164  9.618889  5.7467804  11.2048435  
694  162  10.1054535  -1.5389404  10.221963  
695  163  -4.4237595  -5.7600174  7.2627435  
696  162  27.752373  -7.610649  28.777008  
697  164  -4.2248  -10.855621  11.648753  
698  163  40.051086  30.89132  50.580265  
699  164  -14.905869  51.834595  53.935238  
700  163  -45.268814  26.651573  52.531628  
701  164  26.770515  22.081589  34.702408  
702  163  12.778839  -0.48129272  12.7879  
703  163  31.835197  -25.903442  41.042274  
704  163  -6.362976  -18.036812  19.126265  
705  164  11.8847885  9.039902  14.932114  
706  164  15.764984  9.353058  18.330696  
707  164  -42.329903  26.602188  49.994972  
708  164  -1.1076508  -23.146942  23.17343  
709  164  4.876915  -14.538895  15.33505  
710  164  5.6750336  -0.9703293  5.7573905  
711  163  18.73919  14.728279  23.834417  
712  164  12.9066925  35.532715  37.804188  
713  164  23.639725  2.5887756  23.781052  
714  163  -62.825584  42.49951  75.850266  
715  163  7.11882  -11.984688  13.939524  
716  164  4.1483  25.032265  25.373661  
717  165  18.665016  9.303795  20.855297  
718  165  7.8754425  -38.873688  39.66341  
719  164  24.410248  -53.03521  58.38316  
720  164  7.176422  19.30748  20.598053  
721  163  -11.359528  36.89055  38.599888  
722  164  21.067871  -27.259674  34.45207  
723  162  57.683136  25.046188  62.886055  
724  164  -2.9472046  -12.852959  13.18653  
725  163  22.601875  60.643288  64.71826  
726  163  17.259995  17.204735  24.370274  
727  163  -5.976013  -3.9419785  7.159045  
728  164  5.298584  24.067924  24.64427  
729  165  -3.3564606  -28.112892  28.312551  
730  165  1.416565  23.486855  23.529533  
731  164  7.1825104  48.186455  48.71881  
732  164  -3.8299103  4.8249664  6.1602364  
733  163  -3.2170105  40.153458  40.28212  
734  163  23.520325  16.581009  28.777344  
735  163  -12.534317  48.17521  49.77911  
736  164  8.605209  -9.76387  13.014714  
737  164  -12.7187195  -28.990974  31.658213  
738  163  -60.637207  2.0210114  60.670876  
739  164  -29.070175  55.283478  62.46069  
740  164  5.7730713  2.3808594  6.2447453  
741  163  8.099426  21.326721  22.81293  
742  163  9.297882  11.863487  15.072921  
743  163  23.054626  15.671272  27.876596  
744  163  30.69542  68.19171  74.78181  
745  164  -8.326721  -7.9761124  11.53051  
746  163  -5.495987  -10.852798  12.165077  
747  164  0.49031067  -39.722954  39.72598  
748  165  13.335373  31.982986  34.65175  
749  164  28.733932  41.080406  50.13221  
750  163  -14.51738  -25.134014  29.025385  
751  163  -1.4696045  -16.486755  16.552124  
752  164  5.065613  13.17355  14.113923  
753  164  12.187927  -36.978916  38.93566  
754  164  -18.68077  22.613934  29.331915  
755  164  10.082489  35.12232  36.54085  
756  164  15.931702  -27.597496  31.865984  
757  165  -25.053955  18.343647  31.05141  
758  165  -4.0825195  -6.9260483  8.0397215  
759  164  -10.037079  27.859127  29.612057  
760  163  17.564102  -9.457035  19.948263  
761  164  -1.1704559  -2.285614  2.5678782  
762  163  47.741287  -11.155003  49.027184  
763  164  0.9308777  6.02676  6.0982265  
764  163  8.577957  -26.803242  28.142408  
765  163  7.3101654  26.99421  27.966513  
766  164  5.809662  -2.5348053  6.3385653  
767  164  29.545334  -23.741554  37.90235  
768  164  2.0814362  15.894836  16.03054  
769  164  -1.7795868  5.834633  6.0999894  
770  164  -28.96788  13.56567  31.986958  
771  164  -0.24784851  -6.94656  6.95098  
772  164  24.902039  -8.071407  26.177456  
773  163  6.025635  -0.14991379  6.027499  
774  163  -2.8292236  -27.852104  27.995432  
775  163  -33.675735  -7.241003  34.445423  
776  164  -15.120422  -6.6848373  16.532217  
777  164  8.899521  9.638847  13.119026  
778  165  -27.234558  -14.07675  30.657398  
779  165  8.617157  -4.4662457  9.70581  
780  165  -9.563568  -26.05344  27.753263  
781  164  3.8738098  4.325117  5.806293  
782  164  27.350342  -2.685997  27.481918  
783  163  -11.977722  -3.8016243  12.56655  
784  163  -14.888123  12.429802  19.394745  
785  164  -27.527878  5.8838024  28.149656  
786  164  -11.874176  -3.426958  12.358807  
787  164  2.3167114  -22.111956  22.232986  
788  163  11.728531  25.706337  28.255516  
789  164  -4.3394012  7.854088  8.973132  
790  164  26.126495  5.3700733  26.672672  
791  165  12.5946045  -5.1850595  13.620166  
792  165  25.47525  -21.5667  33.3783  
793  164  -6.0267487  -32.22764  32.786312  
794  164  1.3756409  -9.946106  10.040788  
795  163  4.491623  -4.994208  6.716903  
796  162  33.730286  3.1943684  33.881207  
797  162  22.247742  -8.702194  23.889122  
798  162  49.73848  13.439744  51.52226  
799  163  76.69374  -7.5696735  77.0664  
