n v(n)    Re(T)       Im(T)        Mod(T) 
   
0  162  130789.0  0.0  130789.0  
1  162  7.754593  0.52686167  7.7724705  
2  162  6.524948  -32.169235  32.8243  
3  162  9.023041  -17.502838  19.691738  
4  162  -4.4614716  -25.06604  25.45999  
5  163  -14.21138  6.6135693  15.674904  
6  164  -3.0758667  2.7813072  4.146881  
7  164  -1.2395172  -9.891243  9.968605  
8  163  -20.099426  8.316313  21.751966  
9  163  -16.258331  -3.7372532  16.682339  
10  164  -12.01442  8.091516  14.485127  
11  163  -23.421463  -34.46801  41.672638  
12  164  -17.35765  8.829743  19.474403  
13  164  -8.681976  -22.679829  24.284796  
14  164  -0.48399353  5.0201473  5.043424  
15  165  -15.749908  -4.314228  16.330101  
16  164  -12.822296  -18.066982  22.15462  
17  164  4.1557617  -32.716583  32.979465  
18  164  -13.91507  0.24861717  13.917291  
19  165  -9.80188  11.981968  15.480453  
20  164  -28.033905  19.64913  34.234314  
21  164  -50.146423  11.899971  51.539043  
22  165  0.7980194  16.41567  16.435057  
23  163  -42.753723  23.841175  48.95184  
24  164  -4.376877  48.775368  48.97135  
25  163  23.880905  2.1103477  23.973969  
26  164  -31.630234  7.641884  32.540283  
27  163  -9.667816  -19.919872  22.141996  
28  165  -2.8254395  -19.76149  19.962454  
29  164  -21.292816  -4.0777435  21.67976  
30  164  -52.112564  27.067738  58.722923  
31  164  -32.962494  -2.2219849  33.0373  
32  163  -36.537094  -14.675701  39.3743  
33  162  7.713318  -4.8749886  9.124735  
34  163  -30.263397  -0.44371796  30.266651  
35  164  8.023117  5.135376  9.525886  
36  165  -35.39566  7.461754  36.173615  
37  165  -15.319244  5.584385  16.305355  
38  165  31.372375  33.54169  45.9268  
39  164  -0.39805603  -21.662037  21.665693  
40  163  0.75064087  35.498917  35.50685  
41  163  -30.894058  -29.253925  42.546856  
42  163  -14.729294  -5.3090363  15.656882  
43  163  0.5824585  6.4746895  6.5008354  
44  164  0.8125763  -26.462097  26.474571  
45  163  10.802963  12.144234  16.253813  
46  163  11.138672  -28.767181  30.84835  
47  163  0.8248749  15.002102  15.024762  
48  162  -2.7397766  -20.041481  20.227884  
49  164  16.702728  -50.31015  53.010307  
50  164  -31.681442  26.605743  41.37124  
51  163  35.910706  13.083172  38.219734  
52  164  -20.149796  18.906128  27.630707  
53  164  19.175995  -25.393623  31.82067  
54  164  29.787773  5.2777863  30.251719  
55  164  -45.966614  6.7653656  46.46181  
56  163  -6.4183044  -20.986046  21.945587  
57  163  -7.576706  5.230736  9.206903  
58  164  2.5934906  35.81978  35.913544  
59  165  13.331955  34.534836  37.01886  
60  164  -67.660034  22.306854  71.24238  
61  165  -6.757889  -25.49929  26.379593  
62  164  54.409035  -7.806549  54.966217  
63  165  15.994194  14.032913  21.277615  
64  164  -41.190643  -23.848938  47.59665  
65  165  34.157402  -30.825897  46.01048  
66  164  -26.240051  -22.806229  34.76585  
67  164  -44.471786  -1.803505  44.508343  
68  163  24.359215  -7.9251404  25.615995  
69  163  10.406723  -20.325874  22.835083  
70  165  41.48652  32.517136  52.711433  
71  164  8.840805  -5.980217  10.673464  
72  163  -11.683212  -20.285904  23.409727  
73  163  -19.960587  38.095375  43.00794  
74  163  -17.747467  -48.77674  51.905136  
75  163  -5.2642517  26.978363  27.48717  
76  163  17.987022  29.92463  34.914417  
77  163  -19.788422  12.774048  23.553299  
78  163  -0.32998657  28.865479  28.867365  
79  163  -18.690186  4.2896194  19.176128  
80  164  82.4913  -4.241356  82.600266  
81  165  -4.2269897  61.856194  62.000454  
82  164  1.3185272  -38.89798  38.920322  
83  163  15.426895  -1.1865845  15.472462  
84  161  -25.385864  -0.16698456  25.386414  
85  162  -30.234245  25.181808  39.347595  
86  162  -4.055031  22.002777  22.37332  
87  164  45.483025  29.45433  54.187298  
88  165  1.9275208  32.317566  32.374996  
89  164  -2.354416  7.175522  7.551913  
90  165  6.227295  -38.50862  39.008884  
91  166  -3.3751373  0.21702576  3.3821077  
92  165  3.1655502  -12.993851  13.373887  
93  163  1.5570755  6.403984  6.5905614  
94  163  -24.57093  -30.107681  38.861332  
95  163  -52.383728  -6.154846  52.744072  
96  162  10.155151  39.82003  41.094547  
97  164  18.30236  -10.249252  20.97674  
98  164  -28.233604  37.391  46.853207  
99  165  -1.1538467  22.489494  22.519073  
100  164  -7.5105667  -19.565887  20.957876  
101  164  -17.888924  1.16008  17.926498  
102  164  -11.109337  -14.539429  18.297878  
103  164  -18.580132  56.62039  59.591022  
104  164  -0.5786133  8.853882  8.872768  
105  164  -4.9058533  5.2346954  7.17422  
106  164  16.722038  27.359398  32.064983  
107  164  50.507454  9.455093  51.38484  
108  164  4.250038  -25.943016  26.288836  
109  163  26.374695  17.987236  31.924366  
110  162  -8.356621  -6.7014923  10.711822  
111  162  8.53923  23.900894  25.380527  
112  163  3.434517  5.1752777  6.211232  
113  164  4.5941315  19.714828  20.243036  
114  164  -1.5938339  -47.596962  47.62364  
115  163  21.897537  -17.445755  27.997438  
116  162  -35.77279  17.935501  40.017178  
117  163  18.010376  -4.654419  18.602077  
118  164  -9.701523  27.096054  28.780476  
119  164  -16.302078  22.578186  27.84838  
120  164  -28.871017  3.5729523  29.091265  
121  165  8.376747  -10.711105  13.597709  
122  164  -10.519539  -37.38951  38.841167  
123  163  -28.21428  -2.8506622  28.357924  
124  163  -3.6615982  14.207428  14.671684  
125  164  8.330887  13.646698  15.988623  
126  164  19.337547  1.721756  19.414045  
127  165  -3.522934  13.188141  13.650573  
128  164  6.4613495  0.725296  6.5019298  
129  164  -25.150543  -13.47818  28.534386  
130  163  -14.947914  -23.2005  27.598974  
131  162  4.2063217  -18.224762  18.703878  
132  162  46.41913  14.919861  48.757954  
133  163  -21.590118  8.001495  23.02514  
134  164  1.8360977  -24.284256  24.35357  
135  163  -6.1672745  12.397827  13.847072  
136  163  8.487747  -4.719757  9.711743  
137  164  -17.812088  1.8069763  17.90351  
138  164  13.398102  -33.130356  35.73695  
139  164  0.5394058  -15.838379  15.847562  
140  164  0.21438599  -17.539948  17.541258  
141  163  10.951927  -8.169144  13.663075  
142  162  -5.102997  6.8731384  8.56041  
143  163  -31.825447  3.3414612  32.00038  
144  163  -4.2272415  -4.2998657  6.029794  
145  163  4.2097015  15.907883  16.455465  
146  164  -13.558609  5.7595215  14.731191  
147  164  33.289764  2.738083  33.402176  
148  164  -1.3619537  -19.9012  19.947748  
149  164  8.360302  -21.711761  23.265753  
150  164  22.499924  -17.688004  28.620134  
151  163  26.696117  -32.41658  41.994255  
152  164  -34.26905  -4.4553833  34.557465  
153  163  3.119011  3.5656738  4.737326  
154  164  1.4733887  3.971054  4.235581  
155  163  26.219212  13.957352  29.702774  
156  164  5.110981  9.7309265  10.9915  
157  163  20.413727  1.4459839  20.464876  
158  164  0.72463226  -2.5542297  2.6550295  
159  163  9.17696  4.8347473  10.372626  
160  163  -13.394608  5.4094696  14.445687  
161  163  19.478073  13.711151  23.819971  
162  163  2.8097458  -8.120468  8.592827  
163  164  -15.688946  7.236725  17.277534  
164  164  -14.897114  -1.7061768  14.9945  
165  165  10.650879  -38.057693  39.519985  
166  163  -2.1810532  5.8219604  6.2170906  
167  164  5.089958  -0.2836609  5.097856  
168  163  2.3776321  1.1273651  2.631366  
169  164  2.0765038  -17.239212  17.363821  
170  163  1.5350876  -4.7446136  4.986768  
171  164  2.1048546  24.784485  24.873703  
172  163  -13.332054  -16.203217  20.983038  
173  163  5.2293434  -0.65878296  5.270676  
174  163  2.2178268  15.023697  15.186515  
175  163  -14.734013  3.5589294  15.157741  
176  163  -11.815874  11.207474  16.285648  
177  163  19.0196  -18.598099  26.6014  
178  163  -7.6194344  -15.861679  17.596836  
179  163  8.44725  -0.32609558  8.453543  
180  163  5.6458244  -5.4527435  7.84906  
181  164  -13.580254  -22.45845  26.2451  
182  163  6.1962795  0.88308716  6.2588916  
183  164  6.6311016  13.390839  14.9427595  
184  163  -6.865511  -8.473846  10.906022  
185  164  5.1245956  -13.989258  14.89835  
186  164  17.884632  -6.0911865  18.893456  
187  163  -21.455626  -10.630814  23.944897  
188  163  -10.240435  13.064941  16.599976  
189  163  -7.119766  1.1534882  7.2126007  
190  163  -3.618719  13.255829  13.740892  
191  164  -9.180765  4.517517  10.232028  
192  164  7.5118113  -6.1411743  9.702645  
193  163  9.297829  1.5964966  9.433897  
194  163  -4.697519  -2.7829132  5.4599714  
195  163  -1.8865609  -2.6039886  3.2155666  
196  163  -11.90708  8.518631  14.640547  
197  163  -2.9288285  -24.960724  25.131968  
198  164  3.1855824  -8.240524  8.834827  
199  164  5.6367  -0.67497253  5.676969  
200  164  -3.0543103  3.8758698  4.9346914  
201  163  -2.5456953  24.204224  24.337729  
202  163  -1.7594631  1.5161743  2.3226051  
203  163  1.2402983  24.366608  24.398153  
204  164  5.1985197  3.88591  6.4903703  
205  163  11.236769  -7.2818756  13.389947  
206  164  -5.222225  3.8955078  6.5151067  
207  163  -3.7139769  0.026992798  3.7140749  
208  164  -5.308735  9.936417  11.265657  
209  163  12.692307  -1.7794342  12.816437  
210  163  -13.180666  14.401764  19.522827  
211  163  10.30113  2.9227448  10.707742  
212  163  -14.499873  -22.312332  26.609894  
213  163  -3.8039913  6.576126  7.5970902  
214  163  1.904583  -7.700699  7.9327297  
215  163  -2.7677937  13.187897  13.47521  
216  163  -14.290781  -2.8597412  14.574105  
217  164  22.627283  16.437622  27.967648  
218  164  -2.119484  -18.117111  18.240667  
219  164  3.63834  8.131699  8.908537  
220  162  13.480358  1.4418182  13.557245  
221  163  -16.174881  -9.906555  18.967514  
222  163  16.856453  0.23576355  16.8581  
223  164  -3.1834183  8.761047  9.321486  
224  165  1.3776093  14.243729  14.310193  
225  164  -6.826954  20.106201  21.23362  
226  162  -12.199173  -13.058136  17.86994  
227  163  3.3213654  9.610184  10.167945  
228  163  29.170532  -3.427765  29.371235  
229  163  7.0630035  6.853134  9.841314  
230  164  -0.564312  -3.8089447  3.8505204  
231  165  -11.100239  -6.0528564  12.643273  
232  165  -8.187508  -18.242722  19.995804  
233  165  -1.9949074  14.035934  14.176992  
234  164  -5.7213745  -17.233078  18.158005  
235  163  -3.808567  14.2543335  14.754362  
236  163  -1.5901489  -12.697601  12.796783  
237  162  8.482403  6.6724854  10.792276  
238  164  2.7015991  2.6264343  3.7678633  
239  164  11.808765  -7.375244  13.922686  
240  163  4.4435425  -2.7775574  5.240219  
241  164  -5.5752563  10.461243  11.854159  
242  162  -17.284668  14.341476  22.45969  
243  163  5.2715836  10.634979  11.869809  
244  164  -11.119198  3.5721588  11.678907  
245  162  -5.179207  10.465378  11.676828  
246  164  20.673763  2.3988647  20.812473  
247  163  1.1292229  -20.878387  20.908903  
248  165  2.3605423  7.7704926  8.121127  
249  164  0.4712448  12.326431  12.335436  
250  165  18.065094  6.768326  19.291393  
251  164  -4.512863  14.256699  14.953909  
252  162  4.9384995  17.383041  18.07094  
253  164  13.268372  -1.2433472  13.3265  
254  164  -15.038155  -2.8278809  15.301732  
255  163  -1.5991287  12.260773  12.364617  
256  164  20.451256  -7.066223  21.637592  
257  164  3.2283936  3.0330353  4.429653  
258  165  10.26104  4.7846375  11.321735  
259  163  14.694031  -21.250076  25.83564  
260  165  -14.316963  2.6960754  14.568605  
261  163  12.394905  -4.315155  13.124566  
262  165  21.868279  5.6700897  22.591404  
263  163  -15.388771  -18.305832  23.9148  
264  163  60.37715  -6.900589  60.77021  
265  162  -40.425995  13.475037  42.612648  
266  164  2.6279984  -10.356857  10.685077  
267  164  -27.298874  3.2644653  27.493368  
268  162  1.5321198  -9.045776  9.174609  
269  164  -10.957954  -4.92807  12.0151005  
270  163  -2.4524841  8.176407  8.536294  
271  164  4.754524  15.1770935  15.904391  
272  164  9.295929  -8.304504  12.465115  
273  164  2.9467545  5.726059  6.439807  
274  162  6.8844376  -3.298462  7.633828  
275  163  11.749687  -4.335617  12.524086  
276  163  6.8301544  -7.9229736  10.460617  
277  163  -3.9314575  4.027832  5.62848  
278  162  1.5809555  8.641968  8.785387  
279  162  2.5685349  3.1870117  4.0932155  
280  163  -1.2251663  0.1869812  1.2393525  
281  164  0.25080872  15.563087  15.565108  
282  164  -18.505814  7.9991684  20.16065  
283  165  -3.4193192  0.03845215  3.4195354  
284  164  -8.162056  10.026192  12.928406  
285  165  6.8710785  9.265869  11.535513  
286  162  -12.308388  5.407074  13.443692  
287  163  -13.546944  1.7323074  13.657253  
288  163  -1.9118958  14.283417  14.410807  
289  163  15.435043  -9.487572  18.117798  
290  162  0.6449585  -0.85318756  1.0695328  
291  164  9.780838  18.140198  20.609016  
292  164  3.604393  -3.016739  4.700251  
293  164  -8.964867  8.026726  12.03317  
294  165  -11.07383  -5.819023  12.509625  
295  164  -6.436554  10.249481  12.102938  
296  164  -0.72418976  -0.6577759  0.978325  
297  164  1.3549423  -4.770508  4.9591947  
298  165  -11.035034  3.5531921  11.5929785  
299  164  0.6028671  4.6274567  4.6665626  
300  163  -4.6380463  2.395729  5.220248  
301  163  -11.75193  15.4541855  19.414934  
302  163  -16.334274  19.285332  25.273159  
303  163  -16.987885  -2.3681488  17.152153  
304  162  -5.4168243  -9.210663  10.685425  
305  162  -3.0466232  21.097534  21.316376  
306  164  -1.2958908  9.548386  9.635922  
307  163  -6.1021805  -27.637947  28.303583  
308  163  9.654396  17.68335  20.147165  
309  163  10.543678  -1.5119629  10.651534  
310  162  -4.2044373  0.010215759  4.2044497  
311  162  -5.614403  -0.24983215  5.6199584  
312  162  -5.8190994  -11.42733  12.823643  
313  165  0.8179321  -6.317215  6.3699465  
314  164  -9.732544  13.840027  16.919477  
315  165  -8.431061  -10.210602  13.2415695  
316  166  -5.065445  -5.107155  7.193175  
317  164  0.54074097  -3.6958237  3.7351725  
318  164  -10.454895  15.376419  18.59406  
319  163  17.976028  -2.2183762  18.112394  
320  162  -8.753143  -4.5947495  9.88581  
321  163  -4.2077484  18.905045  19.36765  
322  164  13.016632  -2.17482  13.197066  
323  163  -6.979927  1.933281  7.2427177  
324  163  -9.925858  -4.839386  11.042749  
325  163  -8.225769  14.105911  16.329115  
326  163  -4.723648  1.8681717  5.079657  
327  163  -11.955879  -6.8657074  13.786986  
328  163  19.909775  -4.433464  20.39742  
329  164  15.217926  9.160477  17.762308  
330  165  1.5649414  -14.116257  14.202737  
331  165  -1.4683075  2.0542755  2.5250692  
332  164  21.40091  -2.161911  21.50983  
333  163  -8.434601  -9.522621  12.72096  
334  163  -16.800018  -3.8190002  17.22862  
335  163  21.303436  1.1551285  21.33473  
336  163  -3.3514557  -1.9160004  3.8604808  
337  164  -5.2889404  5.8590317  7.893107  
338  163  8.8298645  0.874321  8.873046  
339  164  3.1944275  3.0563889  4.421072  
340  163  13.227127  -19.72332  23.747974  
341  164  2.3897095  10.723717  10.986756  
342  163  3.24617  -10.518944  11.008442  
343  163  -0.7655487  -20.873932  20.887966  
344  162  -5.0678864  23.884125  24.415874  
345  163  9.716644  6.077484  11.460759  
346  163  -12.169449  -21.739159  24.913582  
347  162  -12.794662  3.7735825  13.33954  
348  163  2.159546  -0.7311859  2.2799718  
349  164  -17.201859  -14.51226  22.50577  
350  163  -21.243408  -1.0914993  21.271431  
351  163  -3.7938232  -11.006435  11.641937  
352  163  -8.252884  6.4782524  10.491799  
353  163  -14.426315  18.080956  23.130922  
354  163  14.351212  31.574516  34.682953  
355  163  -32.73533  -25.887512  41.734455  
356  164  -7.890915  -1.5554733  8.042763  
357  164  -0.28555298  1.0740623  1.1113732  
358  164  5.2046967  -5.1294975  7.3075724  
359  163  -13.125153  -4.7721176  13.965771  
360  164  2.5003815  -1.195343  2.771417  
361  164  -25.46489  2.2069244  25.560343  
362  163  -24.643127  12.226643  27.509535  
363  163  8.420532  0.5087776  8.435889  
364  164  6.4578705  8.405865  10.600125  
365  163  -6.6470337  -1.1575127  6.7470655  
366  164  3.5938416  -18.037338  18.391882  
367  163  -7.2481384  -3.357605  7.9880548  
368  164  19.74199  3.9160385  20.126637  
369  163  17.217041  -0.16498947  17.217833  
370  164  10.139664  -9.364548  13.802446  
371  164  -7.05513  -1.2700615  7.1685367  
372  163  -8.749298  5.0088806  10.081622  
373  163  12.523163  -8.052357  14.888588  
374  163  -5.004059  -12.570526  13.52992  
375  163  -1.197403  7.4426327  7.5383387  
376  164  3.8642883  -7.063923  8.051815  
377  163  -15.649902  4.105736  16.17951  
378  163  15.194031  -0.14940453  15.194765  
379  164  8.871307  -0.2968788  8.876273  
380  163  -1.2228241  -1.3599434  1.8288643  
381  164  -3.0240936  -8.845846  9.348483  
382  165  -25.823105  -7.8904495  27.001703  
383  164  -13.961029  5.499502  15.005161  
384  163  -6.480484  4.3331013  7.795668  
385  162  5.9857635  -58.46852  58.77412  
386  163  -30.021164  -0.5043335  30.025398  
387  164  6.569229  8.764929  10.953481  
388  164  -4.4631195  -13.041023  13.783603  
389  164  3.3468933  -2.2133493  4.0125566  
390  164  0.7728119  -6.633848  6.678711  
391  165  11.517349  -7.0353155  13.496111  
392  163  -1.894516  9.772258  9.9542055  
393  165  16.228195  18.576382  24.666502  
394  165  11.090363  -9.782423  14.788237  
395  164  15.904358  8.622502  18.091328  
396  163  11.4782715  18.504482  21.775366  
397  164  5.523239  -9.321883  10.835298  
398  163  0.94252014  -4.9015574  4.9913535  
399  162  2.4004211  -7.964758  8.318617  
400  163  1.0000153  -0.13117588  1.008582  
401  164  2.4717865  7.6978936  8.085004  
402  164  1.0419464  4.624252  4.7401853  
403  164  5.2431946  8.642805  10.108866  
404  163  11.473114  -18.723772  21.959326  
405  162  16.102737  -9.106077  18.499157  
406  162  11.184433  9.342418  14.573  
407  163  16.060684  -18.863926  24.77485  
408  163  -1.780899  -9.868388  10.027796  
409  164  11.533646  6.8065805  13.392331  
410  163  1.0425568  6.5170326  6.599897  
411  164  2.8242798  1.4457998  3.1728368  
412  165  -4.311249  12.882301  13.584571  
413  164  6.680496  -8.911591  11.13757  
414  162  -29.99649  0.2401619  29.997452  
415  163  5.7525024  58.13037  58.41431  
416  162  -6.5132446  -4.570404  7.956818  
417  163  -13.893707  -6.0303516  15.145965  
418  165  -25.899826  7.6015167  26.992296  
419  163  -3.02948  8.27829  8.815205  
420  163  -1.3641968  0.84677887  1.6056361  
421  163  9.038483  0.14434624  9.039635  
422  164  15.1267395  -0.30136108  15.129742  
423  163  -15.643921  -4.5038013  16.279327  
424  165  4.084564  6.480459  7.6602883  
425  164  -0.9916687  -7.7411957  7.804455  
426  162  -4.736801  12.276379  13.1585245  
427  162  12.634537  7.6647453  14.77768  
428  162  -8.649307  -5.4160767  10.205116  
429  163  -7.1880646  0.9612007  7.2520466  
430  164  10.151718  8.93325  13.522587  
431  164  17.292068  -0.21438217  17.293398  
432  164  19.564835  -4.210663  20.012806  
433  164  -7.4304047  3.274269  8.119837  
434  163  3.404892  17.238262  17.571312  
435  163  -6.8322296  0.59267807  6.857888  
436  164  6.6535034  -8.493706  10.789446  
437  163  8.281342  -0.69337463  8.310318  
438  164  -24.908447  -12.5706215  27.90074  
439  165  -25.453064  -2.563465  25.581825  
440  164  2.3603668  0.8326721  2.502933  
441  164  -13.436874  4.396328  14.137796  
442  165  5.269989  4.677681  7.0465226  
443  164  -0.2738495  -1.526825  1.5511892  
444  163  -7.8176727  1.5655708  7.9728928  
445  164  -32.72719  25.690987  41.606438  
446  163  14.646362  -31.856392  35.062027  
447  163  -14.666428  -18.342567  23.485184  
448  163  -7.927353  -7.1068344  10.646597  
449  163  -3.8468475  10.76265  11.429473  
450  162  -21.040482  0.6849785  21.051628  
451  163  -17.233536  14.075119  22.250927  
452  164  2.2730255  0.45587158  2.318289  
453  163  -12.547241  -4.047867  13.184024  
454  164  -12.073669  21.29461  24.479254  
455  164  9.778915  -6.3312683  11.649555  
456  164  -5.558563  -24.218369  24.848078  
457  165  -0.5994415  20.492096  20.500862  
458  165  4.3558044  9.333267  10.299656  
459  164  2.5042572  -11.18705  11.463917  
460  165  13.206238  19.269447  23.36057  
461  165  3.4131165  -3.5451279  4.9211073  
462  163  8.978683  -1.1041565  9.046321  
463  163  -5.064911  -6.168762  7.981663  
464  163  -3.833084  1.3542938  4.0652976  
465  162  21.356491  -1.3037033  21.396246  
466  163  -16.31958  3.380661  16.66606  
467  163  -7.8485565  9.306709  12.174345  
468  163  21.313248  1.9656296  21.403696  
469  163  -1.6314392  -2.4340897  2.9302535  
470  164  1.6172638  14.042534  14.135357  
471  164  15.463516  -9.264351  18.026329  
472  166  20.015457  4.2167816  20.454823  
473  164  -11.72995  6.70903  13.513061  
474  163  -4.519882  -2.7493591  5.290398  
475  163  -7.9745636  -14.461182  16.51422  
476  164  -10.1064  4.841591  11.206263  
477  163  -6.5909805  -2.1744766  6.940416  
478  164  12.85968  1.977272  13.010802  
479  165  -3.2812653  -19.216103  19.494238  
480  165  -8.85022  4.339157  9.856707  
481  164  18.11641  2.0475998  18.231756  
482  163  -10.523659  -15.718018  18.915693  
483  163  0.6736603  3.3207703  3.3884118  
484  162  -4.7922974  4.540703  6.601825  
485  163  -8.607239  9.936638  13.1461525  
486  162  -9.385017  -14.041153  16.888828  
487  163  0.92108154  6.3913956  6.4574246  
488  164  -5.642967  11.124268  12.473668  
489  164  -5.2745514  -0.16155243  5.2770247  
490  165  -4.2969055  -0.3350296  4.309947  
491  164  10.7550125  1.2610397  10.82869  
492  163  9.690071  -18.21714  20.633993  
493  163  -6.0943146  27.631905  28.295986  
494  163  -0.9924545  -10.200584  10.248751  
495  162  -3.0073013  -21.565826  21.774498  
496  162  -5.469162  8.759003  10.326271  
497  163  -16.744888  1.9030075  16.852676  
498  162  -15.9932785  -19.082947  24.89867  
499  163  -11.629372  -15.720421  19.554382  
500  165  -4.4570694  -2.763382  5.2442107  
501  165  0.5068588  -4.909607  4.9357014  
502  164  -10.075119  -4.517914  11.041719  
503  164  1.2175369  4.322624  4.4908214  
504  164  -0.6424408  0.33346558  0.72382975  
505  163  -6.244766  -10.4872055  12.205678  
506  164  -10.725601  5.3892593  12.003443  
507  163  -8.856003  -8.490677  12.268675  
508  163  3.9087982  2.4889832  4.633977  
509  164  9.707687  -18.183067  20.612207  
510  163  0.45385742  0.814621  0.93252015  
511  163  16.562935  8.462288  18.599493  
512  164  -1.8214874  -14.689781  14.802279  
513  164  -13.402779  -1.9065018  13.537697  
514  164  -12.11879  -5.7302322  13.405246  
515  164  7.365761  -10.003433  12.422686  
516  164  -7.761551  -10.119553  12.753314  
517  163  -3.189911  -0.24447632  3.1992655  
518  164  -18.22686  -8.328827  20.039656  
519  164  0.37952423  -16.16542  16.169876  
520  164  -1.6954727  0.67474365  1.8248032  
521  164  2.7875366  -3.610733  4.5615516  
522  164  1.8736725  -8.805054  9.002201  
523  163  -3.9801102  -5.030594  6.4146824  
524  163  6.8092117  7.489746  10.1223345  
525  162  12.042671  3.553833  12.5561  
526  162  7.11425  3.1673431  7.7874656  
527  164  3.2432709  -5.9015503  6.734026  
528  164  9.361557  8.145157  12.408961  
529  164  5.4836807  -15.288231  16.241945  
530  164  -2.7116013  -7.8411407  8.296762  
531  163  -10.806038  4.472595  11.6950655  
532  164  1.9975967  8.791489  9.015579  
533  164  -27.21579  -3.7037354  27.46665  
534  164  2.5846252  10.011871  10.340109  
535  163  -40.19552  -13.722153  42.47325  
536  162  60.483665  6.8058624  60.86537  
537  163  -15.197853  17.935913  23.508972  
538  162  22.043877  -6.058304  22.861223  
539  163  12.533501  3.9586182  13.143793  
540  164  -12.850693  -2.756958  13.143102  
541  164  14.979507  21.072525  25.854147  
542  165  10.551849  -5.1468506  11.74017  
543  164  3.6225967  -3.1699677  4.81372  
544  164  20.696518  6.767044  21.774727  
545  164  -1.4948883  -12.9665985  13.052485  
546  163  -14.932983  2.334015  15.114285  
547  163  12.913658  1.3092957  12.979862  
548  162  5.1233215  -17.943558  18.660645  
549  164  -4.014786  -14.674881  15.214159  
550  164  18.179264  -7.177582  19.544905  
551  165  0.54382324  -12.5937195  12.605456  
552  163  2.3436089  -8.06131  8.395071  
553  163  1.0653687  20.685852  20.713268  
554  163  20.964611  -2.679947  21.135208  
555  164  -4.954857  -10.650375  11.746536  
556  164  -10.664169  -3.8373108  11.333554  
557  164  6.0253525  -10.7191925  12.296583  
558  164  -16.74046  -14.852158  22.379221  
559  163  -5.4013786  -10.654861  11.94575  
560  163  4.65152  2.4405365  5.25289  
561  163  12.226723  7.048523  14.112917  
562  163  2.7508469  -2.3314972  3.6059725  
563  164  8.510502  -7.4270477  11.29556  
564  163  -1.5336266  12.792725  12.884324  
565  162  -3.5588875  -14.478806  14.909778  
566  163  -5.516655  16.996933  17.869785  
567  164  -1.6823082  -14.407608  14.505492  
568  164  -7.845524  17.918427  19.560732  
569  165  -10.169712  5.3981323  11.513596  
570  164  0.22517014  3.6417542  3.6487086  
571  164  7.472683  -7.174835  10.359501  
572  163  29.331429  3.2338562  29.509161  
573  163  3.5356293  -10.000961  10.607539  
574  163  -12.300205  12.926498  17.84347  
575  163  -6.627306  -20.235641  21.293247  
576  164  1.7780094  -14.744217  14.851035  
577  164  -2.918789  -9.018845  9.479393  
578  165  16.708595  -0.57458496  16.718472  
579  165  -15.92008  9.546402  18.56294  
580  165  13.862066  -1.6494293  13.959852  
581  164  4.1981087  -8.302017  9.303097  
582  164  -2.2653885  18.262634  18.402603  
583  163  23.337175  -16.609543  28.644384  
584  162  -13.963188  2.5414581  14.192591  
585  162  -2.7715607  -13.284332  13.570374  
586  162  2.0542736  7.468628  7.745995  
587  163  -3.685173  -6.890396  7.813966  
588  164  -14.476361  21.756699  26.132717  
589  164  10.597654  -3.2362976  11.08079  
590  164  -12.966546  -14.551834  19.490696  
591  164  12.885007  1.2818146  12.948608  
592  164  -4.983487  -10.296707  11.439289  
593  165  -4.265376  -0.4539795  4.2894673  
594  163  -4.9517107  -4.1141663  6.4378414  
595  163  11.470339  6.8072357  13.338183  
596  162  5.5543838  -4.098572  6.902859  
597  164  1.3973076  -24.738663  24.778091  
598  164  -1.5973349  -2.1226807  2.656549  
599  162  -3.6493163  -22.357193  22.65307  
600  163  -2.5894651  -4.3354645  5.049909  
601  162  5.9531293  0.65625  5.989191  
602  163  3.4154472  8.271561  8.948966  
603  164  -2.2543898  24.148743  24.253742  
604  163  -11.466242  -8.974548  14.560811  
605  164  -1.6557937  2.346115  2.8715692  
606  165  -4.2767906  2.5662994  4.987668  
607  165  9.208288  -1.8865662  9.399559  
608  164  7.7540913  5.887451  9.735913  
609  164  -8.859815  -4.860565  10.105514  
610  164  -3.2965574  -13.606659  14.000302  
611  164  -6.8154364  -1.3201904  6.9421234  
612  163  -9.616998  -13.600754  16.657345  
613  162  -20.957539  10.383835  23.388939  
614  162  17.990208  5.9671936  18.954023  
615  162  4.40226  13.977371  14.6542425  
616  164  -6.3464546  8.2365265  10.397974  
617  164  7.383711  -13.377457  15.279906  
618  165  6.8590603  -1.2485962  6.971779  
619  164  -13.457869  22.129211  25.90012  
620  164  6.2602177  5.134369  8.096423  
621  164  8.9794655  0.011062622  8.979472  
622  163  -7.219492  15.608871  17.197615  
623  163  19.543339  18.20691  26.710178  
624  164  -11.445469  -11.553345  16.262794  
625  163  -14.194504  -3.8516693  14.707797  
626  163  2.7221527  -15.249603  15.490659  
627  163  6.217724  -1.6393738  6.430213  
628  164  -13.101017  15.830811  20.548752  
629  164  2.7489052  -24.880142  25.031538  
630  164  2.0046005  4.321701  4.763982  
631  164  2.322792  16.871017  17.030167  
632  164  2.6083565  -1.762558  3.1480365  
633  163  5.5655212  0.14265442  5.567349  
634  165  -1.7759552  -6.148712  6.400053  
635  165  10.844204  37.654953  39.18536  
636  164  -14.472183  1.1923676  14.52122  
637  163  -15.227722  -7.51297  16.98023  
638  162  3.3856544  7.635193  8.352175  
639  163  19.817104  -13.932159  24.224424  
640  163  -12.602585  -5.5040894  13.752096  
641  163  9.450909  -5.0189056  10.7008915  
642  164  1.2605057  2.4972687  2.7973604  
643  163  20.825947  -2.1305695  20.934647  
644  162  5.693882  -9.963394  11.475605  
645  162  26.672947  -14.45488  30.337925  
646  163  2.059288  -4.259201  4.7309046  
647  162  3.5536308  -3.9967957  5.3481464  
648  163  -33.640717  3.9183044  33.86814  
649  163  27.11145  32.227524  42.114655  
650  164  23.119556  17.394852  28.93259  
651  164  9.090157  21.152496  23.02301  
652  164  -0.8912277  19.531189  19.551512  
653  163  33.793785  -3.1119995  33.93677  
654  163  -13.0961075  -5.8158875  14.329431  
655  163  4.6749115  -16.874634  17.510227  
656  163  -3.7437134  4.07106  5.530725  
657  164  -31.440063  -3.6795044  31.654642  
658  163  -4.482338  -7.257614  8.5302  
659  165  11.580185  7.9424286  14.042181  
660  165  0.6850662  17.35878  17.372293  
661  165  1.2865982  15.62616  15.679037  
662  164  13.626259  32.7641  35.48466  
663  164  -17.150703  -2.1145325  17.280563  
664  163  8.794136  4.503845  9.880357  
665  162  -5.407089  -12.743301  13.842989  
666  163  2.2051468  23.719025  23.82131  
667  163  -21.02729  -8.1467285  22.550303  
668  163  47.66839  -15.497177  50.12422  
669  163  5.0471954  17.207275  17.93222  
670  164  -14.475975  22.336823  26.617428  
671  164  -24.53946  12.942932  27.74355  
672  164  7.0023193  -1.2228699  7.108297  
673  164  -3.1449127  -13.695145  14.0516  
674  164  20.051308  -1.9789124  20.148724  
675  164  8.709045  -14.066071  16.543936  
676  164  -3.2405853  -15.255295  15.595685  
677  163  -26.927803  2.452011  27.039211  
678  163  -10.1308975  36.9494  38.3131  
679  163  8.949524  10.315918  13.656945  
680  163  -27.90966  -3.962799  28.189589  
681  163  -16.14663  -23.397308  28.427938  
682  163  -9.050484  -27.309372  28.770002  
683  163  18.50396  4.4431763  19.029932  
684  165  -34.949387  -18.093903  39.35542  
685  164  22.730797  17.090912  28.439207  
686  163  -1.2375565  46.60486  46.62129  
687  163  5.267021  -20.047737  20.728079  
688  164  4.338249  -5.2665634  6.823276  
689  163  9.342545  -24.348328  26.079191  
690  164  -7.856407  6.1979675  10.006895  
691  164  27.228592  -18.066444  32.677097  
692  163  4.7591705  25.849686  26.28414  
693  163  51.66677  -9.536972  52.539597  
694  162  17.509094  -27.42833  32.540462  
695  163  -3.983429  -5.5972977  6.87004  
696  164  0.55402374  -8.703209  8.720825  
697  164  -17.803848  -57.03856  59.75261  
698  164  -10.661232  14.001366  17.598299  
699  163  -16.982208  -1.5319519  17.051167  
700  163  -6.6702957  19.128868  20.25849  
701  162  -0.3050232  -22.801956  22.803995  
702  163  -27.498322  -37.667236  46.636665  
703  164  19.04477  10.237122  21.621792  
704  164  11.063057  -40.11567  41.613197  
705  163  -51.178627  5.562027  51.479977  
706  163  -23.731476  29.863129  38.14432  
707  163  2.3611832  -6.663681  7.069641  
708  163  3.8632965  12.641006  13.218173  
709  165  -3.0152664  -0.5765686  3.0698962  
710  164  6.955002  38.36625  38.991554  
711  164  -1.2161026  -7.9959335  8.087883  
712  163  2.8115082  -32.654053  32.774864  
713  163  46.783417  -30.309097  55.743423  
714  163  -3.3756332  -21.985489  22.243126  
715  164  -31.816086  -25.413551  40.719917  
716  164  -24.216019  -0.49486542  24.221075  
717  164  16.58451  0.62610626  16.596325  
718  163  2.1763153  38.399673  38.461296  
719  163  -2.9429016  -62.112755  62.182434  
720  164  83.63917  3.8872986  83.729454  
721  162  -17.689728  -4.3480225  18.216251  
722  163  0.7645569  -29.197983  29.20799  
723  163  -18.695282  -13.461929  23.037733  
724  163  19.889893  -29.363747  35.466003  
725  163  -3.9885101  -26.78614  27.08146  
726  163  -16.702637  48.401375  51.20226  
727  163  -18.977478  -38.35012  42.788742  
728  163  -10.73938  20.195824  22.873688  
729  163  10.537216  6.741951  12.50947  
730  164  42.63376  -32.730766  53.748863  
731  163  11.570389  19.989906  23.096973  
732  164  25.803207  7.2028503  26.789673  
733  164  -43.15297  0.9610138  43.16367  
734  163  -25.107529  22.448746  33.67988  
735  163  35.202934  30.466576  46.555973  
736  163  -39.990463  23.306854  46.28657  
737  163  17.484802  -14.237251  22.548119  
738  163  55.41311  7.6509094  55.938797  
739  164  -5.528946  25.464905  26.058216  
740  163  -66.4068  -22.66455  70.16798  
741  163  15.005402  -34.767563  37.867474  
742  164  4.0651855  -35.796898  36.026985  
743  164  -6.152466  -5.52816  8.271238  
744  163  -5.2382965  20.916405  21.562368  
745  163  -44.379364  -7.338997  44.982094  
746  162  31.598938  -5.6903076  32.1072  
747  163  20.677582  24.529533  32.08209  
748  164  -18.596207  -19.393402  26.868624  
749  164  37.66487  -13.13015  39.887886  
750  163  -29.932724  -26.973598  40.293213  
751  164  18.528778  50.244507  53.55209  
752  164  -0.60220337  19.036541  19.046064  
753  165  3.5321045  -16.3765  16.753075  
754  164  12.859909  28.400112  31.17601  
755  164  13.68161  -12.980923  18.859766  
756  164  2.0143127  26.570366  26.646608  
757  165  2.606964  -6.768444  7.253144  
758  163  -12.797455  5.3202286  13.859282  
759  164  -28.92862  28.648556  40.71369  
760  163  2.646347  -35.8875  35.98494  
761  163  1.7691193  21.399628  21.47263  
762  163  33.70723  -33.486546  47.51343  
763  164  -13.034515  -5.7158394  14.232688  
764  164  -33.24858  -7.8851433  34.170803  
765  164  9.995102  -5.3756256  11.348983  
766  163  -28.036438  -0.12847137  28.036732  
767  164  10.188889  4.9628067  11.333265  
768  164  -34.12831  14.266541  36.99021  
769  164  -30.443924  1.9132385  30.503983  
770  164  -49.295425  -27.51698  56.455498  
771  163  -18.513351  3.8344917  18.906282  
772  163  0.08407593  19.654942  19.655123  
773  162  -6.6614075  19.503971  20.610172  
774  163  -28.559296  -8.42524  29.776133  
775  162  26.376114  -1.5003719  26.418753  
776  163  -0.34866333  -49.664482  49.665707  
777  163  -39.27034  -24.213364  46.13509  
778  164  4.7178345  -16.733679  17.386028  
779  164  -45.91516  -12.292837  47.53226  
780  164  -23.19806  -19.288258  30.169304  
781  163  -5.15329  -12.981623  13.967066  
782  163  -9.100525  -0.5348511  9.116228  
783  164  9.460968  32.618874  33.963226  
784  164  -7.420288  17.788551  19.27416  
785  164  -9.799454  4.094118  10.620316  
786  164  5.749176  -5.385866  7.8778534  
787  163  -2.0136108  22.407888  22.49818  
788  165  -10.500626  -8.972452  13.81188  
789  164  -15.840408  33.632744  37.17634  
790  165  -3.7245789  -8.589766  9.362509  
791  164  -6.9921265  3.6686811  7.8961415  
792  163  -9.570343  -8.639199  12.892914  
793  162  11.485214  9.719352  15.0457945  
794  163  10.718842  -3.2593803  11.203443  
795  162  1.988266  -7.0529885  7.327882  
796  164  15.759033  24.828583  29.407578  
797  163  35.972168  17.102558  39.830822  
798  162  46.648727  31.942974  56.53722  
799  163  87.51282  -0.7233328  87.51581  
