n v(n)    Re(T)       Im(T)        Mod(T) 
   
0  115  81231.0  0.0  81231.0  
1  88  28.091202  -169.53584  171.84737  
2  104  -189.66125  -11.571701  190.01393  
3  114  19.251251  23.038902  30.023354  
4  106  -151.44077  319.74756  353.7977  
5  103  157.45398  70.06381  172.3389  
6  94  -51.18654  -2.5143661  51.248257  
7  106  128.46796  -178.72322  220.10454  
8  87  -37.9012  -33.107506  50.325024  
9  99  278.65564  -50.70984  283.23215  
10  116  119.55957  -54.621914  131.44598  
11  100  -309.76062  394.15634  501.30914  
12  100  -9.92942  -138.42877  138.78444  
13  100  -342.62344  88.70682  353.9205  
14  97  -39.249733  204.42105  208.15501  
15  97  -116.57955  174.83693  210.13982  
16  111  253.87726  128.9814  284.76282  
17  98  241.22255  -28.09457  242.85309  
18  96  266.82565  164.45088  313.43265  
19  111  101.99503  -167.49811  196.10864  
20  78  278.51443  -134.74385  309.3965  
21  101  -116.116196  -324.5765  344.72144  
22  104  245.62592  -81.8832  258.91495  
23  95  19.553024  45.99241  49.97622  
24  94  154.5238  170.19957  229.88148  
25  97  9.2359085  -206.18048  206.38724  
26  100  -42.548393  -165.44078  170.82452  
27  94  -341.898  228.84244  411.416  
28  85  -341.27307  -3.06674  341.28687  
29  98  94.01553  -132.77293  162.68858  
30  93  -278.87637  116.402985  302.1948  
31  124  -278.98032  14.602377  279.3622  
32  101  455.34494  -464.9064  650.7511  
33  98  -194.3387  129.72519  233.6582  
34  104  384.29776  -257.66663  462.68442  
35  103  163.07211  257.617  304.89185  
36  112  -34.76715  -152.45605  156.37007  
37  97  -40.497253  -42.036858  58.370583  
38  101  235.67657  -114.95191  262.2163  
39  104  -104.89889  185.54314  213.14322  
40  109  96.11622  -209.78285  230.7535  
41  108  62.794373  579.94086  583.33057  
42  102  -391.65765  99.55498  404.1125  
43  101  -164.6482  83.941345  184.81119  
44  107  219.24347  -56.47235  226.3997  
45  119  -38.417534  120.31091  126.29578  
46  92  52.861435  41.548717  67.23561  
47  107  162.62201  -73.8528  178.60614  
48  108  256.84753  -224.98431  341.4507  
49  104  -203.03532  -292.0923  355.72638  
50  90  208.34695  -21.119404  209.41461  
51  119  257.81207  270.47897  373.66553  
52  114  -93.62199  -91.45897  130.88094  
53  93  -80.56829  -213.00072  227.72913  
54  106  64.77344  7.420517  65.197105  
55  108  21.546448  59.276485  63.071  
56  93  -126.982056  141.30609  189.97856  
57  87  171.54037  -172.08041  242.97688  
58  91  133.85117  92.821686  162.88646  
59  85  -50.86197  6.8029976  51.31492  
60  89  -145.01872  194.0204  242.22787  
61  94  114.441444  -74.103  136.33818  
62  88  -187.98486  -63.97414  198.5724  
63  104  -72.55371  45.805374  85.80311  
64  93  153.15376  -250.95947  294.00125  
65  100  155.50363  -29.925377  158.35689  
66  96  -73.84829  -292.242  301.4282  
67  96  -52.83596  203.4716  210.21973  
68  92  130.30254  64.05618  145.19623  
69  106  146.8973  164.352  220.4323  
70  100  -315.84717  -25.63388  316.88565  
71  93  -87.82137  -172.68735  193.73569  
72  110  259.7654  302.93024  399.05487  
73  102  35.999996  -107.56473  113.429146  
74  100  152.77884  -183.9929  239.15427  
75  97  -4.0129166  304.99127  305.01767  
76  95  22.751987  126.9323  128.95526  
77  97  120.98879  -88.837524  150.10129  
78  102  131.30493  -101.12953  165.73523  
79  104  32.021725  -317.1357  318.74826  
80  95  -127.51689  -35.575043  132.38634  
81  95  -285.16827  94.82578  300.521  
82  95  146.32845  -98.3918  176.33195  
83  109  -296.72552  20.509739  297.4335  
84  103  132.20602  -71.591095  150.34534  
85  105  -195.31909  256.25693  322.2067  
86  97  -70.95818  -332.14124  339.63635  
87  113  -56.194107  -139.44376  150.34074  
88  104  11.886803  -45.727676  47.2474  
89  106  -110.054016  51.62706  121.561676  
90  101  197.63184  -56.110588  205.4428  
91  109  135.68167  -147.28664  200.257  
92  96  29.662579  159.88626  162.61453  
93  111  -55.551514  -429.14447  432.725  
94  106  340.62793  -83.768265  350.777  
95  110  55.718185  175.01328  183.66862  
96  103  -92.54211  -63.635963  112.31018  
97  100  298.1715  125.64636  323.5634  
98  113  -36.821907  -25.2911  44.670937  
99  99  -89.27071  477.89456  486.16098  
100  103  199.61765  -29.165154  201.73698  
101  92  -161.10745  208.5823  263.5568  
102  124  89.120346  -393.41296  403.38095  
103  105  56.148182  -30.654778  63.97135  
104  97  -20.74115  7.007675  21.892986  
105  111  91.93637  -77.697136  120.37085  
106  111  48.886803  21.092873  53.243107  
107  93  105.12761  62.262123  122.18178  
108  104  -122.1947  -10.255943  122.624344  
109  100  -97.17736  -281.6439  297.93744  
110  88  42.73424  -55.059822  69.697914  
111  97  114.02356  121.52408  166.64175  
112  110  -45.65016  290.97995  294.53906  
113  112  -103.819084  -117.508316  156.80116  
114  92  80.75043  5.583374  80.94322  
115  99  -197.69937  -96.827835  220.13785  
116  102  -149.98553  137.56122  203.51598  
117  90  -29.622395  126.76565  130.18071  
118  98  23.562592  127.818115  129.97179  
119  97  -119.13695  -147.02176  189.2327  
120  105  -162.62  150.6802  221.69751  
121  99  45.42466  286.63705  290.21405  
122  95  67.998474  -127.18998  144.22581  
123  113  70.8191  293.40836  301.83408  
124  104  -138.1742  -1.4678802  138.18199  
125  110  -43.399364  214.88028  219.21916  
126  103  8.165127  117.1916  117.47569  
127  103  -30.56609  174.53342  177.18973  
128  108  -252.47423  54.132217  258.2122  
129  95  132.62161  -6.8791275  132.7999  
130  113  -71.7212  204.86533  217.05698  
131  97  -45.56101  -1.2786026  45.578945  
132  95  -212.14435  205.35707  295.25708  
133  117  -11.004417  26.018585  28.250027  
134  103  -14.65543  64.68589  66.3253  
135  103  50.397408  172.09921  179.32661  
136  116  -14.244125  -80.73792  81.9848  
137  101  -232.18779  249.22816  340.62567  
138  112  -232.87886  -333.98712  407.16086  
139  95  96.627815  184.30844  208.10222  
140  92  -332.57532  3.232193  332.59103  
141  121  238.47986  -4.928131  238.53078  
142  111  72.503716  309.13037  317.5191  
143  98  -183.31674  -258.23727  316.68835  
144  106  -58.00097  -231.11502  238.2819  
145  95  -18.05392  284.50537  285.0776  
146  101  -5.874733  -283.09863  283.15958  
147  91  225.48312  101.78463  247.39189  
148  99  -141.69633  196.94354  242.6203  
149  109  -85.41081  -9.896164  85.982216  
150  93  -70.7717  147.28145  163.40274  
151  116  -63.224697  -69.18961  93.726006  
152  99  -139.08228  73.46653  157.2934  
153  98  292.9659  -286.01678  409.43207  
154  119  65.84627  76.33191  100.80819  
155  95  190.24475  95.23068  212.74857  
156  105  78.39327  51.426872  93.75622  
157  112  109.02948  -337.0347  354.23132  
158  107  406.33545  -93.25747  416.8998  
159  97  -162.78636  400.93903  432.72568  
160  104  201.52718  -117.24736  233.15263  
161  94  -7.594307  196.17578  196.32272  
162  98  -27.888348  187.8488  189.9077  
163  118  -266.25574  -238.19934  357.25488  
164  93  342.66092  -84.6554  352.96323  
165  115  186.8608  8.589676  187.05812  
166  119  -271.2023  -23.208344  272.1935  
167  89  -254.35501  210.1536  329.94092  
168  102  -205.10922  -251.24472  324.3358  
169  118  -336.33856  334.55988  474.3985  
170  99  108.33246  -325.50952  343.0632  
171  104  -121.9283  87.17244  149.8851  
172  102  325.30945  -70.55881  332.87354  
173  96  46.6568  414.59174  417.2088  
174  105  58.057  168.30759  178.03949  
175  113  -98.48016  0.60089874  98.482  
176  103  -35.100014  -35.52056  49.937172  
177  98  -37.303085  127.040726  132.40417  
178  100  108.51866  201.65729  229.0021  
179  99  -87.4824  88.68059  124.568924  
180  88  -11.114179  30.742706  32.690044  
181  94  128.85506  277.249  305.72968  
182  92  -286.7237  -165.31935  330.96973  
183  98  85.43195  -120.80177  147.9584  
184  119  -107.397446  27.962791  110.97806  
185  99  60.684814  -64.93357  88.8764  
186  119  4.2986317  -118.44723  118.52521  
187  101  239.8587  -80.55825  253.02536  
188  101  -107.300545  11.901421  107.95856  
189  107  -45.826984  -132.33818  140.04823  
190  99  -353.1389  -334.49673  486.41046  
191  110  -91.31635  86.028946  125.45779  
192  81  105.250534  -69.87023  126.33101  
193  104  34.044525  25.899948  42.776592  
194  94  -3.4943824  -87.81226  87.88177  
195  93  -172.24544  73.73897  187.36575  
196  117  -4.9331217  46.696594  46.956444  
197  104  -3.951143  338.7484  338.77145  
198  117  -35.91875  119.37013  124.65707  
199  114  -89.734116  8.735405  90.158295  
200  103  -75.9868  4.873413  76.14292  
201  96  115.51312  153.91243  192.43782  
202  113  -251.25969  161.32697  298.59308  
203  97  19.649694  61.286377  64.35938  
204  105  28.800303  -296.20966  297.6065  
205  116  187.69547  -121.06585  223.3529  
206  88  -10.304184  104.86298  105.36803  
207  105  -113.37419  54.00579  125.57998  
208  104  -120.7555  -104.126305  159.44962  
209  111  45.051937  99.31214  109.0531  
210  86  -212.00336  -184.93788  281.33154  
211  109  245.66205  296.27142  384.8722  
212  94  85.47171  -46.12873  97.12504  
213  98  35.123684  316.00244  317.94846  
214  88  -118.2693  155.15402  195.09074  
215  106  5.5793657  -90.69779  90.86924  
216  105  -30.45751  -71.93462  78.1169  
217  86  -245.67776  37.541576  248.52954  
218  99  183.31381  66.73652  195.08386  
219  102  -1.5736084  -150.26515  150.27339  
220  102  358.23312  -42.552437  360.75156  
221  103  270.79413  -10.783165  271.00873  
222  106  -118.700424  -83.76434  145.27992  
223  101  -5.9927273  -357.8011  357.85126  
224  107  -153.58838  -144.685  211.00507  
225  115  -267.5677  -121.944534  294.0458  
226  93  -19.184954  172.31708  173.38177  
227  89  361.50928  45.880188  364.40906  
228  95  347.54343  -21.727814  348.22195  
229  97  -80.07818  178.29816  195.45523  
230  101  15.086433  141.38315  142.18578  
231  112  -5.0304127  -160.8815  160.96013  
232  95  150.93927  181.44228  236.01688  
233  106  195.84521  110.853806  225.04202  
234  103  46.13652  -57.008156  73.33832  
235  101  442.7891  -137.95786  463.7829  
236  109  -47.467957  81.98433  94.73456  
237  93  274.93625  -71.944214  284.19342  
238  104  -101.727615  215.92676  238.68991  
239  95  -120.73164  -86.55919  148.55511  
240  95  -276.1307  167.62827  323.02847  
241  91  -121.85393  79.6198  145.55992  
242  102  348.6186  32.96898  350.17407  
243  92  -131.4277  118.03941  176.65375  
244  99  48.963486  72.255936  87.28312  
245  91  -51.8785  377.97913  381.52274  
246  106  -195.97498  -5.3142624  196.04701  
247  100  -101.791  -212.33078  235.46924  
248  102  101.59679  131.9558  166.536  
249  100  152.36401  143.83557  209.53154  
250  105  151.15683  -396.97742  424.78165  
251  113  546.9039  27.074059  547.5736  
252  104  20.331585  65.30257  68.39443  
253  111  104.48958  47.783905  114.89723  
254  114  -92.69546  -291.35522  305.7455  
255  101  228.16618  -150.55339  273.3608  
256  99  245.58347  186.53125  308.3912  
257  116  -16.643059  -105.78097  107.08223  
258  95  -202.41438  -349.0194  403.46762  
259  104  329.8077  98.38657  344.17007  
260  100  54.254498  -176.80063  184.93787  
261  96  290.90857  86.857506  303.59845  
262  102  -42.914444  -36.39496  56.269375  
263  99  -257.17624  -141.9549  293.753  
264  110  422.0906  605.1928  737.8474  
265  104  66.02823  -103.90011  123.10548  
266  106  359.379  -204.61751  413.54758  
267  93  -176.52151  -325.2381  370.05362  
268  110  -122.69466  -207.49274  241.05437  
269  90  27.109592  49.09602  56.083412  
270  96  186.66702  -34.67459  189.86023  
271  106  -16.875748  50.924316  53.64771  
272  107  -338.92618  -217.89014  402.92316  
273  101  -292.22754  225.37582  369.04092  
274  100  -45.523075  47.2847  65.636826  
275  113  74.04436  -165.97327  181.74072  
276  104  -63.72266  180.57529  191.48894  
277  100  -158.20009  102.757256  188.64337  
278  109  -52.260086  -190.80731  197.83464  
279  106  -48.522503  23.684052  53.994144  
280  96  51.335106  23.352177  56.39696  
281  110  78.44551  23.915424  82.01003  
282  96  112.51114  -369.99768  386.72604  
283  118  31.897076  327.30612  328.8567  
284  99  -20.155285  29.191113  35.47332  
285  101  142.4683  48.504456  150.49884  
286  104  71.49666  -15.527786  73.16341  
287  104  -262.2733  174.00314  314.74493  
288  107  66.87329  185.85959  197.52423  
289  91  0.97138214  183.66484  183.66742  
290  99  289.49887  -215.49864  360.90063  
291  109  -52.0714  -86.55651  101.012184  
292  98  9.627586  59.876396  60.645473  
293  102  -24.567818  21.488678  32.63956  
294  92  224.82068  158.51157  275.08228  
295  97  176.81839  44.127243  182.24149  
296  110  283.81366  129.15988  311.82123  
297  103  73.6509  225.58481  237.30353  
298  98  -309.60605  449.1857  545.54895  
299  98  -240.15166  63.85029  248.49483  
300  96  82.258354  140.72226  163.00058  
301  95  72.67687  -17.559708  74.76811  
302  104  219.90402  61.39251  228.31297  
303  104  -198.13654  74.88951  211.8172  
304  100  -325.84924  136.87009  353.4277  
305  104  171.08035  145.80649  224.78438  
306  108  182.36026  -253.39182  312.19012  
307  100  -80.236046  3.9842186  80.33491  
308  88  45.211967  -93.801384  104.12887  
309  105  87.65835  -91.1952  126.493286  
310  96  -149.69215  170.30373  226.74016  
311  96  86.75648  -0.15019226  86.75661  
312  110  42.90429  -3.9224777  43.08322  
313  90  98.19686  -27.426613  101.9551  
314  106  -159.21695  -338.0844  373.69922  
315  104  -154.2475  -302.11957  339.21753  
316  95  -207.11765  182.23018  275.87238  
317  96  -159.05762  -223.4313  274.26425  
318  95  509.10834  200.9453  547.33014  
319  102  283.93527  -11.96347  284.1872  
320  95  -307.35773  98.06459  322.62274  
321  110  -355.8567  -8.937763  355.9689  
322  99  -13.829178  192.58658  193.08246  
323  88  -180.37167  -154.98001  237.80821  
324  109  46.465805  -116.02225  124.980934  
325  102  -117.04486  40.81811  123.95813  
326  107  237.35892  -33.796547  239.75291  
327  106  4.4959106  156.7881  156.85254  
328  97  76.7783  -80.20442  111.029976  
329  109  -18.180588  -155.38452  156.4445  
330  129  150.05997  131.1063  199.26578  
331  119  203.64758  -87.24547  221.54933  
332  90  270.06516  -66.73376  278.18802  
333  94  262.18503  278.40738  382.42862  
334  103  317.13568  -93.16098  330.53595  
335  104  149.30719  234.8638  278.30493  
336  111  96.23736  66.91017  117.21177  
337  106  139.07564  -50.460518  147.94695  
338  103  -2.7878952  255.13744  255.15266  
339  100  343.3058  52.9187  347.3604  
340  104  -178.79137  -73.08877  193.15363  
341  100  104.81317  -167.65219  197.71965  
342  102  -243.90018  127.96181  275.42972  
343  94  232.06236  75.16779  243.93266  
344  116  64.42901  112.02876  129.23444  
345  114  -158.3665  -417.77087  446.7801  
346  104  -107.91742  -367.09274  382.62677  
347  93  4.9361877  -242.78764  242.83781  
348  110  174.35654  3.1371994  174.38475  
349  93  51.840393  -136.52347  146.03453  
350  108  -108.54993  -45.54279  117.71674  
351  105  3.9993973  83.79147  83.88686  
352  110  396.53326  156.4745  426.28967  
353  97  196.58736  167.78693  258.4551  
354  122  -139.98087  256.43008  292.149  
355  118  -224.80724  42.986553  228.88017  
356  111  267.2947  32.069695  269.21167  
357  97  -52.065468  -9.252426  52.88119  
358  96  -48.418953  34.57056  59.493855  
359  103  -62.52111  -115.60277  131.42636  
360  94  416.20346  13.760277  416.43088  
361  105  -284.48395  -217.97253  358.38965  
362  100  -45.061497  -491.73392  493.79428  
363  114  -175.90338  181.20668  252.54279  
364  111  263.18408  -134.73767  295.6689  
365  92  -286.9309  -73.59199  296.21805  
366  89  -32.083946  -8.885763  33.291687  
367  116  67.791954  164.93214  178.32094  
368  95  291.9253  -89.80034  305.42508  
369  98  -91.92854  210.94041  230.10155  
370  95  104.56985  172.38954  201.62592  
371  99  -241.96997  -218.69824  326.157  
372  98  -170.63  104.508575  200.09158  
373  94  -210.55084  -2.7576904  210.5689  
374  79  -68.37811  63.802227  93.52161  
375  92  -208.54787  51.56215  214.82753  
376  93  81.58792  -210.29639  225.56853  
377  91  230.78456  -114.1989  257.4935  
378  113  -16.567993  -108.73483  109.98982  
379  96  186.40332  -49.51285  192.86711  
380  99  -55.489136  -298.54913  303.66205  
381  107  -54.874165  -33.669613  64.38025  
382  109  116.70786  -35.693943  122.04418  
383  102  70.18176  -47.69966  84.857155  
384  96  440.31845  -106.812454  453.08856  
385  111  -72.60297  90.71321  116.189835  
386  103  196.93155  -48.16413  202.73584  
387  94  209.63943  -17.706148  210.38583  
388  83  198.20335  -77.32263  212.75188  
389  106  115.68751  91.91701  147.75769  
390  95  26.109734  393.12665  393.99274  
391  101  -2.6967697  -140.50722  140.5331  
392  111  -69.33634  235.73384  245.7193  
393  90  -90.716705  -2.9657884  90.765175  
394  94  164.76312  -234.47388  286.5744  
395  96  157.89896  -20.921274  159.27893  
396  98  -49.146477  -42.41272  64.916985  
397  103  -82.56376  27.948767  87.16598  
398  107  -20.676422  22.612991  30.640852  
399  87  -241.09222  77.39056  253.20892  
400  114  -242.99957  -0.4044995  242.99991  
401  111  -240.6454  -78.08529  252.99709  
402  126  -20.303864  -22.796951  30.52782  
403  100  -82.45151  -28.455517  87.22366  
404  104  -48.902214  42.21076  64.60011  
405  106  158.24641  20.978495  159.6309  
406  108  164.34863  234.40886  286.28305  
407  98  -90.844635  2.2560778  90.87265  
408  93  -68.61475  -236.0419  245.81245  
409  118  -2.6803436  140.18372  140.20934  
410  104  27.361221  -393.22076  394.17154  
411  100  115.84371  -91.8589  147.84392  
412  81  198.38232  77.858925  213.11395  
413  92  209.74332  18.159908  210.528  
414  91  196.7763  48.481518  202.66074  
415  99  -72.37225  -90.933075  116.21776  
416  82  440.0714  107.76167  453.0733  
417  88  69.82719  47.62992  84.52482  
418  98  116.3041  35.899544  121.71861  
419  95  -55.175747  33.402042  64.49853  
420  125  -56.229115  298.16858  303.42413  
421  89  186.34155  49.694283  192.8541  
422  94  -16.932976  108.35495  109.67005  
423  89  230.36649  114.36041  257.19064  
424  111  80.81192  209.86288  224.8844  
425  108  -208.68637  -52.489365  215.18628  
426  98  -68.29351  -64.26433  93.77583  
427  114  -210.6255  1.9517498  210.63454  
428  91  -170.32944  -105.12487  200.15833  
429  118  -242.26962  217.87372  325.82745  
430  107  105.182304  -172.70773  202.21591  
431  83  -91.2393  -211.32172  230.17705  
432  103  291.73608  90.219086  305.3677  
433  100  67.81088  -164.77379  178.1817  
434  101  -32.42015  8.530247  33.523594  
435  99  -287.08096  72.84682  296.17923  
436  101  263.08087  135.22906  295.80136  
437  92  -175.69656  -181.43019  252.5593  
438  82  -46.152214  491.62943  493.79095  
439  106  -284.5809  216.86658  357.7952  
440  109  416.35632  -13.426025  416.57275  
441  99  -63.04132  114.97359  131.12259  
442  115  -48.248444  -35.229298  59.741238  
443  95  -51.852814  8.619183  52.56429  
444  86  267.39813  -31.784035  269.2805  
445  95  -224.7144  -43.83261  228.94946  
446  101  -138.96013  -257.06793  292.22226  
447  99  197.15741  -167.53403  258.72513  
448  105  397.0041  -155.92096  426.52502  
449  111  3.9109726  -83.629616  83.721016  
450  108  -108.52571  45.42028  117.647064  
451  106  51.660004  136.56471  146.00917  
452  93  174.37296  -2.725788  174.39426  
453  104  4.4179306  242.90033  242.9405  
454  96  -108.6798  366.59784  382.36798  
455  101  -159.03162  416.80707  446.11566  
456  94  64.572685  -112.68628  129.8762  
457  92  232.27899  -75.26543  244.16882  
458  97  -242.93265  -129.28952  275.19455  
459  93  104.721596  167.46292  197.5106  
460  110  -178.60742  72.0764  192.60222  
461  88  343.81665  -52.916878  347.86505  
462  100  -2.1010056  -255.46252  255.47116  
463  103  139.29889  50.475945  148.16208  
464  87  96.26196  -67.2711  117.438354  
465  103  150.04233  -234.69354  278.55655  
466  128  317.38394  93.515686  330.8742  
467  117  263.04758  -277.97906  382.7093  
468  89  269.6749  67.33817  277.955  
469  113  203.05838  87.39425  221.06665  
470  93  149.99039  -130.80608  199.01595  
471  102  -18.691055  155.29955  156.42029  
472  110  76.46259  79.9978  110.662445  
473  105  4.7779846  -156.96214  157.03485  
474  91  237.08826  33.769726  239.48117  
475  105  -117.22858  -41.25914  124.277336  
476  102  45.786873  116.147934  124.84703  
477  128  -180.77144  154.22444  237.62048  
478  111  -13.797424  -192.92226  193.41501  
479  102  -355.43292  8.00922  355.52316  
480  97  -306.7905  -98.86104  322.32578  
481  106  284.4352  12.382252  284.7046  
482  93  509.18616  -199.9526  547.03894  
483  96  -159.93356  222.98468  274.41013  
484  108  -206.75943  -182.8327  276.0023  
485  102  -154.92657  301.89005  339.32263  
486  102  -159.5668  337.39984  373.22943  
487  103  98.39811  27.262466  102.104996  
488  103  43.060783  3.5239105  43.204735  
489  103  86.89057  -0.20819855  86.89082  
490  105  -149.38834  -170.89911  226.98763  
491  87  87.70366  91.19945  126.52775  
492  85  45.01011  93.39259  103.67298  
493  93  -80.132996  -4.3146973  80.24907  
494  104  182.10068  253.00983  311.72845  
495  99  171.05704  -146.24365  225.05048  
496  117  -325.77988  -138.03131  353.81516  
497  101  -197.51538  -75.74652  211.54163  
498  99  220.4438  -60.971222  228.72026  
499  107  72.62186  17.26371  74.64563  
500  122  82.434555  -141.12422  163.43654  
501  99  -240.20523  -64.877235  248.8124  
502  104  -307.80957  -450.58173  545.68365  
503  107  74.55762  -225.55998  237.56293  
504  95  284.37915  -128.60011  312.10492  
505  89  177.041  -43.796738  182.37782  
506  124  225.19678  -158.17029  275.19345  
507  97  -24.699501  -21.64418  32.84107  
508  94  9.863213  -59.99855  60.80386  
509  95  -52.25183  86.54913  101.09899  
510  90  288.91992  215.87982  360.6644  
511  110  1.8386154  -184.57425  184.5834  
512  108  67.06486  -186.01657  197.73685  
513  97  -261.8736  -174.46786  314.66937  
514  80  71.72609  15.659279  73.415565  
515  80  142.82277  -48.61354  150.86955  
516  101  -19.911499  -29.270607  35.401077  
517  99  32.672886  -327.07336  328.70123  
518  110  111.835815  370.33704  386.85498  
519  97  78.383316  -24.215328  82.03857  
520  104  50.83542  -22.708641  55.676945  
521  110  -48.59025  -23.929924  54.16321  
522  112  -52.671112  190.5405  197.68643  
523  104  -158.13559  -103.83764  189.18013  
524  100  -63.310444  -180.85307  191.61432  
525  102  73.81801  165.72939  181.42583  
526  107  -45.49464  -47.565323  65.81962  
527  110  -291.7163  -225.8719  368.93973  
528  123  -339.02048  217.27448  402.66992  
529  99  -15.799271  -50.99216  53.383682  
530  99  186.69684  35.397667  190.02292  
531  102  27.372448  -49.082333  56.19899  
532  89  -122.66922  207.33438  240.90514  
533  108  -176.6315  324.6079  369.5524  
534  94  359.32047  204.76349  413.56897  
535  99  66.08019  103.31731  122.64199  
536  94  423.26373  -604.5938  738.0284  
537  83  -257.47144  141.5195  293.80148  
538  90  -42.5732  36.081253  55.80622  
539  104  291.39737  -86.37027  303.92804  
540  85  54.850014  176.98361  185.28821  
541  99  330.09045  -97.67912  344.23962  
542  107  -203.08926  348.44855  403.31332  
543  97  -16.34879  105.35384  106.6148  
544  112  246.30522  -186.27869  308.81387  
545  112  227.79146  150.70026  273.12912  
546  119  -93.2578  290.6655  305.25964  
547  106  104.46103  -47.86421  114.90469  
548  102  20.82899  -65.7296  68.950905  
549  95  547.22943  -26.205124  547.8565  
550  91  150.02716  396.74454  424.16315  
551  126  152.3186  -144.14575  209.7116  
552  114  101.38972  -132.07593  166.50504  
553  108  -102.666885  211.76648  235.34131  
554  103  -195.94398  4.1971817  195.98894  
555  101  -50.961105  -378.44473  381.8605  
556  99  49.347572  -72.31419  87.54727  
557  99  -130.67412  -118.40723  176.34056  
558  89  348.8865  -32.59689  350.40598  
559  96  -122.01375  -80.07309  145.94196  
560  99  -275.72717  -168.33755  323.05264  
561  118  -120.40705  86.08278  148.01385  
562  122  -100.84319  -215.94257  238.32864  
563  96  275.0652  72.1347  284.36646  
564  109  -47.01335  -81.96321  94.48927  
565  110  442.75122  138.77112  463.9893  
566  102  46.03509  56.77678  73.09468  
567  105  196.14954  -110.87402  225.31686  
568  99  151.30267  -181.28275  236.12694  
569  97  -4.9571915  160.47523  160.55179  
570  82  15.749275  -141.54916  142.42262  
571  109  -79.37361  -178.55244  195.39996  
572  89  347.67288  22.44796  348.39682  
573  97  361.3177  -45.303715  364.1468  
574  94  -19.511076  -172.16402  173.26607  
575  96  -268.0441  121.72344  294.3879  
576  99  -153.67215  144.29346  210.79784  
577  120  -6.5015774  357.5918  357.6509  
578  107  -118.73033  83.01934  144.87616  
579  104  271.14398  10.957512  271.36533  
580  98  358.10986  43.016098  360.68414  
581  112  -1.8800373  149.91812  149.92992  
582  115  182.94312  -66.53613  194.667  
583  93  -245.5188  -38.319  248.4911  
584  95  -30.49094  71.560196  77.78534  
585  94  5.2426405  90.30216  90.454216  
586  103  -117.90898  -155.92998  195.49089  
587  109  35.84644  -316.16324  318.18887  
588  94  85.394035  45.98533  96.98861  
589  103  246.11365  -295.83853  384.8277  
590  107  -212.53032  184.58672  281.49847  
591  103  45.215633  -99.548676  109.33614  
592  92  -120.96317  103.64433  159.29292  
593  101  -113.61588  -54.622322  126.06413  
594  83  -9.844136  -104.91862  105.379425  
595  83  187.52847  121.26271  223.31944  
596  121  28.165071  295.90222  297.23962  
597  110  19.544165  -61.915783  64.92718  
598  89  -250.95923  -162.43939  298.9433  
599  96  115.04625  -152.57652  191.0896  
600  105  -75.859245  -5.344963  76.04731  
601  87  -89.5962  -9.109665  90.05812  
602  96  -35.55897  -119.64099  124.81349  
603  99  -2.857374  -339.16757  339.1796  
604  109  -4.7205544  -46.71925  46.95713  
605  103  -171.98532  -73.999374  187.22943  
606  109  -3.3570156  87.84205  87.90617  
607  101  34.028854  -25.878479  42.751125  
608  99  105.11502  70.023186  126.302864  
609  115  -91.25613  -86.1533  125.49929  
610  92  -353.627  333.69763  486.2162  
611  110  -45.69295  131.97232  139.65865  
612  102  -106.66854  -12.534348  107.40245  
613  105  240.12796  80.82022  253.36406  
614  99  3.9978771  118.18481  118.25241  
615  98  59.97769  64.79091  88.290344  
616  103  -107.07132  -28.456604  110.78829  
617  97  85.51606  120.807884  148.01196  
618  106  -286.62094  164.03357  330.24017  
619  106  129.66539  -277.5656  306.35892  
620  105  -10.730162  -31.157478  32.953373  
621  109  -86.94737  -89.293015  124.63181  
622  111  109.189575  -201.71268  229.3695  
623  92  -36.795746  -127.33745  132.54718  
624  107  -34.96527  35.251457  49.65114  
625  113  -98.04674  -1.1830597  98.05388  
626  87  58.81407  -168.58138  178.54628  
627  104  48.240692  -415.80908  418.59808  
628  109  325.1252  71.30402  332.85233  
629  101  -121.70063  -87.25665  149.74901  
630  95  107.61609  325.42218  342.75473  
631  88  -335.81488  -335.5075  474.69666  
632  100  -205.4713  250.47086  323.96622  
633  101  -253.51215  -210.82062  329.71765  
634  110  -270.54156  22.584488  271.4826  
635  101  187.59196  -8.368065  187.77852  
636  98  342.68347  85.16937  353.10873  
637  115  -266.57535  237.25208  356.86267  
638  102  -26.91895  -188.50833  190.42064  
639  106  -6.71249  -196.29926  196.414  
640  103  201.9051  117.549576  233.63127  
641  114  -161.57504  -401.30612  432.61197  
642  85  406.66745  94.433136  417.48776  
643  97  108.47945  336.79205  353.83142  
644  96  78.81229  -51.66365  94.23646  
645  95  190.58969  -95.24666  213.06421  
646  109  66.26455  -76.257706  101.02588  
647  87  292.28015  286.2954  409.1366  
648  107  -138.98682  -74.28511  157.59319  
649  100  -63.313843  68.69987  93.425446  
650  92  -70.235306  -147.79364  163.6336  
651  91  -85.027664  9.268211  85.5313  
652  109  -140.85472  -197.50096  242.58334  
653  91  226.00455  -101.35154  247.6897  
654  109  -6.4348946  283.02692  283.10007  
655  111  -17.395119  -285.1601  285.6902  
656  106  -58.340042  231.00787  238.26077  
657  107  -183.60966  257.29755  316.09262  
658  100  73.575645  -309.52805  318.15247  
659  112  238.55591  5.229294  238.61322  
660  105  -332.50494  -4.181259  332.53125  
661  88  97.36265  -184.19196  208.34145  
662  105  -233.57698  333.1252  406.85452  
663  95  -231.17545  -250.12514  340.59457  
664  108  -14.030441  80.44166  81.65607  
665  98  51.231884  -172.40729  179.85823  
666  84  -14.334885  -65.13714  66.69585  
667  88  -10.759869  -26.264565  28.383131  
668  97  -211.02583  -206.27641  295.09634  
669  108  -44.917824  0.4949875  44.92055  
670  104  -70.88761  -205.5711  217.45007  
671  89  132.93915  6.8563232  133.11584  
672  94  -252.0936  -55.090897  258.043  
673  89  -29.84254  -175.00609  177.53227  
674  97  8.922195  -117.38303  117.72163  
675  117  -42.688942  -215.12004  219.3148  
676  95  -137.77455  0.59033966  137.7758  
677  92  72.43057  -293.33228  302.14236  
678  104  68.02814  127.14572  144.20076  
679  111  46.22666  -286.71655  290.41916  
680  100  -161.80716  -150.84811  221.21643  
681  99  -119.2867  146.47166  188.90015  
682  89  24.248188  -127.91348  130.19153  
683  102  -29.134575  -126.854416  130.15709  
684  113  -149.24754  -137.63756  203.02446  
685  95  -197.14989  96.41818  219.46422  
686  84  81.246994  -5.8928757  81.46042  
687  106  -103.54104  117.08594  156.30055  
688  95  -44.27742  -291.08093  294.4293  
689  102  114.8979  -121.22322  167.02275  
690  93  42.941444  55.284332  70.00232  
691  111  -97.19621  281.51892  297.82547  
692  110  -121.63922  9.883003  122.040054  
693  98  106.194885  -62.13179  123.035416  
694  108  49.573105  -20.878395  53.790337  
695  96  92.47531  77.80201  120.85047  
696  84  -19.94455  -6.8379517  21.08418  
697  110  56.639767  30.713585  64.43127  
698  105  88.63361  393.07428  402.9433  
699  110  -159.99646  -209.46945  263.58362  
700  93  200.24405  29.09938  202.34735  
701  119  -87.77548  -478.2301  486.21863  
702  128  -36.187347  25.384117  44.202686  
703  95  298.98074  -124.85513  324.00354  
704  107  -92.13101  63.469635  111.87724  
705  109  57.04557  -174.9285  183.99504  
706  94  340.9397  84.809784  351.32974  
707  109  -56.122513  428.93604  432.592  
708  101  30.401188  -160.10284  162.96365  
709  107  135.59186  147.44907  200.3157  
710  88  197.73195  56.396378  205.6173  
711  104  -109.5135  -52.24359  121.336716  
712  95  12.160934  45.72428  47.313828  
713  109  -55.85524  138.8887  149.6993  
714  101  -71.27325  331.79886  339.36758  
715  107  -195.73067  -256.97903  323.03052  
716  100  132.69875  71.54657  150.75764  
717  113  -295.93823  -21.469643  296.716  
718  103  146.74489  98.3891  176.6762  
719  99  -284.25955  -95.50667  299.875  
720  98  -126.53426  35.202785  131.33984  
721  99  32.34775  317.1728  318.81805  
722  102  131.99606  100.91847  166.15504  
723  103  121.57451  88.34692  150.28487  
724  105  24.168938  -126.87892  129.16035  
725  95  -2.4794006  -304.83725  304.84735  
726  104  153.20721  184.21445  239.59845  
727  113  36.347813  107.26811  113.25905  
728  94  260.7917  -302.48404  399.38565  
729  109  -87.41286  173.07364  193.89557  
730  108  -315.13193  24.679367  316.09683  
731  96  148.24358  -164.3681  221.34369  
732  113  131.31158  -64.20117  146.16608  
733  100  -51.639175  -203.75748  210.19923  
734  109  -73.55495  292.1396  301.25714  
735  111  156.24435  30.012432  159.10074  
736  95  153.30835  250.90054  294.03152  
737  95  -71.78196  -46.28879  85.412544  
738  102  -187.40475  63.33353  197.81729  
739  104  115.19858  74.11401  136.98029  
740  109  -143.83746  -194.53247  241.93408  
741  96  -49.626595  -7.036598  50.122974  
742  88  135.09735  -92.43966  163.69601  
743  103  171.97295  172.21098  243.37485  
744  80  -125.94916  -141.68442  189.57231  
745  95  22.754837  -59.416706  63.624897  
746  90  65.90995  -7.3755646  66.32134  
747  90  -79.97143  212.31255  226.87451  
748  94  -92.60183  90.738464  129.64786  
749  103  259.6526  -270.04053  374.6216  
750  115  209.19434  21.633759  210.30998  
751  87  -202.39008  291.7363  355.06592  
752  107  257.90338  224.6777  342.0442  
753  86  163.99556  72.993355  179.50647  
754  127  53.87272  -41.99666  68.308044  
755  104  -36.46859  -121.07088  126.44412  
756  108  219.69896  56.7976  226.92201  
757  109  -163.56387  -84.6573  184.17383  
758  104  -390.10165  -100.66637  402.8809  
759  120  65.624275  -579.92523  583.6264  
760  88  96.87681  210.08319  231.34404  
761  98  -102.980125  -185.73587  212.37401  
762  98  236.96335  115.723724  263.7112  
763  100  -39.20366  41.99952  57.453342  
764  100  -33.560074  152.11533  155.77339  
765  102  165.02289  -257.30817  305.67966  
766  105  384.94806  258.32745  463.5926  
767  106  -192.69322  -129.93826  232.41048  
768  94  455.62122  465.66327  651.4852  
769  112  -277.92383  -15.620003  278.36243  
770  86  -277.01178  -117.25191  300.8048  
771  97  95.33999  132.7977  163.47765  
772  98  -339.6238  2.151945  339.63065  
773  112  -339.29987  -229.64088  409.70642  
774  88  -40.538223  165.11134  170.01501  
775  122  10.764282  206.42613  206.7066  
776  102  157.5897  -170.56062  232.21852  
777  92  22.008606  -45.99838  50.992447  
778  102  248.0037  82.36571  261.32346  
779  109  -114.01839  324.10092  343.57184  
780  100  281.41876  135.29103  312.2502  
781  104  104.56531  166.62807  196.72015  
782  89  270.1406  -164.48517  316.27728  
783  109  244.26422  28.185751  245.88503  
784  103  257.08075  -128.91335  287.592  
785  110  -113.01401  -175.41283  208.6668  
786  115  -35.365578  -204.69936  207.73192  
787  87  -338.39594  -89.434784  350.01483  
788  97  -5.9239273  138.22949  138.35637  
789  95  -303.99228  -395.24316  498.6266  
790  105  124.94008  54.881023  136.46227  
791  107  284.30463  51.360046  288.9065  
792  101  -31.557457  32.95611  45.6287  
793  104  135.93378  178.80707  224.61069  
794  105  -42.712303  1.9154763  42.755234  
795  88  167.49742  -70.24963  181.6326  
796  97  -138.41574  -320.1565  348.79663  
797  106  35.94552  -23.019207  42.68447  
798  108  -164.75757  11.257176  165.1417  
799  102  77.37744  169.55879  186.37987  
