n v(n)    Re(T)       Im(T)        Mod(T) 
   
0  164  131114.0  0.0  131114.0  
1  164  25.300644  21.437944  33.161846  
2  164  22.305084  1.8291743  22.379961  
3  165  -2.8242188  1.6007161  3.2463062  
4  164  31.647903  -22.449474  38.80166  
5  164  -1.3050385  18.715504  18.760948  
6  164  34.65152  0.1667366  34.65192  
7  163  -32.063065  -17.948542  36.744934  
8  164  13.076187  18.48071  22.638977  
9  163  4.4912567  30.21099  30.543009  
10  164  3.0702362  -0.4593191  3.104404  
11  165  38.76764  14.879831  41.525166  
12  164  -21.515305  -0.4590521  21.5202  
13  164  17.536575  -21.855736  28.021503  
14  164  -2.121994  -0.29045677  2.1417806  
15  164  -20.197876  5.4805794  20.928232  
16  164  12.409027  -18.988674  22.683777  
17  165  19.63356  2.084505  19.743906  
18  165  -5.640213  -13.893251  14.99448  
19  164  22.625961  44.060104  49.530064  
20  164  1.7710724  -1.4406376  2.2830098  
21  164  0.4589386  28.33662  28.340336  
22  163  2.3029022  5.1122646  5.607014  
23  163  -11.35318  -8.033382  13.907909  
24  163  10.258789  -37.27019  38.656303  
25  163  11.582382  1.3243332  11.657849  
26  164  10.854141  40.15799  41.598995  
27  164  -10.560562  2.7184181  10.904828  
28  165  19.304703  17.6203  26.137072  
29  165  -0.09729004  -7.569725  7.57035  
30  164  8.524612  34.324795  35.367508  
31  165  21.365677  -66.21381  69.57558  
32  164  14.640961  -10.0137825  17.737913  
33  163  -12.852707  27.636005  30.47853  
34  163  -38.2856  -10.481407  39.69442  
35  164  -14.179138  40.47432  42.886112  
36  163  -18.487213  -4.5903397  19.048576  
37  164  -23.469025  32.97304  40.472416  
38  166  0.7538605  33.595043  33.6035  
39  165  27.180817  -10.487492  29.133904  
40  165  32.290253  24.37944  40.460075  
41  163  17.524689  -14.330936  22.638252  
42  164  20.46083  -4.353134  20.91878  
43  163  9.660385  -20.87299  23.000103  
44  163  30.083336  -15.095398  33.658257  
45  164  -30.027893  45.648148  54.63907  
46  164  -9.801056  38.718475  39.939716  
47  163  4.192154  45.60879  45.80105  
48  163  14.0289  -31.364662  34.35916  
49  163  -43.193665  29.11393  52.089478  
50  164  33.52413  10.066948  35.00301  
51  165  28.354218  6.4223213  29.07246  
52  165  8.212402  6.6388245  10.560186  
53  164  -18.577332  -0.4978943  18.584002  
54  162  -10.689667  10.640503  15.082748  
55  163  22.343307  -16.939873  28.03895  
56  164  41.173035  -10.175522  42.411793  
57  165  -65.04941  1.5371704  65.067566  
58  165  -14.551834  37.050247  39.805485  
59  165  23.161072  35.864532  42.69309  
60  165  42.93878  -43.226196  60.92818  
61  164  15.806915  14.568748  21.496674  
62  165  6.402832  -10.502228  12.300124  
63  164  -32.30121  14.26889  35.31245  
64  164  4.2937927  -20.705307  21.145836  
65  164  -25.157166  19.614777  31.900194  
66  164  -8.395081  -9.5464325  12.712661  
67  164  8.211426  -24.645683  25.977629  
68  164  -21.105118  0.9579773  21.126848  
69  163  -35.71228  36.334267  50.9465  
70  163  -23.691147  -26.119171  35.263035  
71  163  -19.067825  26.745384  32.846573  
72  163  -3.9518738  -32.978973  33.214905  
73  163  -44.758057  -4.4508896  44.978817  
74  164  -49.276215  2.8150406  49.35656  
75  164  13.034149  10.0298  16.446457  
76  164  14.431503  30.28115  33.544247  
77  166  -17.874786  5.117325  18.592875  
78  165  -32.988754  -17.868057  37.517002  
79  165  27.270905  4.7010727  27.673134  
80  165  46.571716  4.790657  46.817467  
81  165  27.27562  40.442482  48.78067  
82  165  -20.714508  22.850876  30.842396  
83  166  4.4058228  -9.568436  10.534051  
84  164  -35.252136  -35.740334  50.200443  
85  163  37.28636  -13.2300415  39.56396  
86  163  3.216713  -44.06276  44.18002  
87  163  -3.067665  -4.5348816  5.4750085  
88  163  8.7419815  13.061661  15.717163  
89  164  -9.030487  -19.831451  21.790735  
90  163  34.500954  3.3743134  34.66557  
91  163  -46.058456  22.799515  51.392597  
92  164  -10.545387  18.713348  21.480099  
93  163  -14.361313  -43.72518  46.02324  
94  163  -16.503029  11.152817  19.918215  
95  163  -4.4792557  23.749695  24.168404  
96  164  -38.03456  -18.639442  42.356304  
97  164  -21.118652  -37.823868  43.320232  
98  164  30.133102  -0.15999603  30.133526  
99  163  1.2550964  -21.491112  21.527729  
100  163  -9.712791  -3.9552002  10.4872265  
101  164  -37.246635  -13.398941  39.583374  
102  165  -38.906357  45.58145  59.928066  
103  163  21.645882  -35.06224  41.205643  
104  164  -10.35257  4.7613525  11.395006  
105  164  -0.040649414  6.722824  6.722947  
106  165  9.078827  12.408012  15.37478  
107  164  16.334312  14.375015  21.758924  
108  164  0.26877594  -9.112358  9.116322  
109  163  15.901886  -9.150902  18.346907  
110  164  -15.931  -29.194916  33.258682  
111  163  -6.8193893  53.758408  54.18921  
112  163  -7.495468  11.14653  13.432318  
113  163  -30.841629  -40.66951  51.04131  
114  164  -48.613472  6.4540176  49.040024  
115  164  -8.792091  1.772583  8.968998  
116  164  -33.39785  -21.43132  39.682716  
117  164  13.254044  -0.59425354  13.267359  
118  163  -23.023148  12.049561  25.985712  
119  164  -14.275375  0.2818756  14.278158  
120  164  -33.104362  6.90094  33.815998  
121  164  -12.690018  7.8816986  14.938464  
122  164  -11.250099  -24.158463  26.649504  
123  164  6.869934  -3.6352844  7.77247  
124  163  22.36248  -9.55304  24.317505  
125  163  23.165771  -3.4999695  23.428673  
126  163  35.86483  -16.079819  39.304535  
127  164  9.631027  1.0978546  9.693398  
128  163  5.8889084  11.609772  13.017913  
129  163  -30.139915  -45.303436  54.41338  
130  163  -3.5365143  -22.078278  22.359724  
131  164  7.2220078  30.144196  30.997257  
132  165  -0.5460129  31.16481  31.169594  
133  164  -18.095528  -5.1336975  18.80965  
134  165  -35.17668  -3.835846  35.385204  
135  165  -3.4813766  -3.4596863  4.908097  
136  163  -4.338333  -3.3774414  5.498022  
137  165  -22.92759  10.061462  25.038118  
138  165  24.238152  -19.43753  31.069366  
139  163  4.9823  -5.337036  7.3011827  
140  163  8.878693  11.622208  14.625556  
141  164  11.745926  -11.7092285  16.58532  
142  163  11.505196  -17.600769  21.027521  
143  164  10.244545  4.4276276  11.160402  
144  164  0.7689514  -4.386902  4.453784  
145  164  16.181099  -1.4043121  16.241924  
146  165  3.702858  -29.49263  29.724173  
147  165  -3.26194  -16.15364  16.479696  
148  164  -6.1251755  17.812592  18.8363  
149  165  -16.88522  -5.986374  17.915003  
150  164  6.3866043  -18.65155  19.714691  
151  163  4.750454  12.124725  13.022127  
152  164  -16.313362  -0.71469116  16.32901  
153  163  19.92337  4.2049866  20.362284  
154  163  9.9581375  -28.827255  30.498772  
155  164  -1.2163811  1.7697906  2.1474967  
156  165  4.6252174  1.1400452  4.763648  
157  165  21.813896  -14.616074  26.25787  
158  165  43.523384  -8.728546  44.390003  
159  164  -9.840603  -20.902298  23.10289  
160  165  -11.754028  9.584183  15.1662035  
161  163  -5.8062744  7.779831  9.707656  
162  164  -7.4391937  5.0411377  8.986361  
163  164  10.90556  15.124878  18.646532  
164  164  -6.905216  -0.44696045  6.9196663  
165  163  5.412506  24.102463  24.702711  
166  162  0.259346  -11.211853  11.214852  
167  163  6.224762  8.091476  10.208802  
168  164  -9.49057  -11.671982  15.043473  
169  164  1.8576622  2.7598877  3.3268437  
170  164  -13.840691  8.061493  16.017252  
171  165  -0.9296684  0.052612305  0.931156  
172  165  0.44139862  -4.106888  4.13054  
173  164  26.058376  2.4612122  26.174349  
174  163  -7.4086  9.828506  12.3080015  
175  163  19.417255  -3.2008972  19.679317  
176  163  -19.46338  6.5197754  20.52634  
177  165  -7.735611  -6.451126  10.072572  
178  164  -21.25085  -10.684525  23.785664  
179  164  -14.293709  32.441513  35.450836  
180  163  3.0908165  7.5354614  8.1447115  
181  164  -4.349846  6.503189  7.82385  
182  163  9.078238  -10.800949  14.10939  
183  163  3.4649487  -10.809647  11.351402  
184  163  -8.214373  11.272003  13.947543  
185  164  8.244606  3.1909027  8.840553  
186  164  -12.240063  -1.333664  12.312506  
187  166  0.46661568  -3.0178528  3.0537133  
188  165  -7.6555347  1.9370728  7.896801  
189  165  -0.6779175  -7.2895355  7.3209906  
190  163  18.642206  -13.042191  22.751497  
191  164  4.0623684  -1.4242096  4.304789  
192  164  -9.911696  -17.82283  20.393505  
193  164  1.8306656  -1.554718  2.401767  
194  163  4.214865  16.63353  17.159237  
195  162  -18.404947  1.4338074  18.460712  
196  161  22.902384  4.334427  23.308933  
197  162  -14.230998  -8.058228  16.354092  
198  163  -2.0424602  7.5768127  7.8472757  
199  164  -8.276966  -4.500778  9.421527  
200  165  4.951717  -1.1277466  5.078515  
201  164  5.7861986  -2.706726  6.3879933  
202  165  -2.4910305  8.357162  8.720515  
203  165  16.382511  8.763443  18.579144  
204  165  3.5253782  29.657654  29.866447  
205  164  -7.524065  -13.955643  15.8547  
206  164  -1.7736626  2.4246063  3.0040965  
207  164  -5.91376  1.5651093  6.1173625  
208  164  4.241436  0.7594147  4.3088846  
209  164  2.6562815  4.805771  5.491017  
210  163  9.698729  -0.09919739  9.699236  
211  163  -18.49962  -0.14736938  18.500208  
212  163  1.0807543  -6.3961334  6.4867983  
213  163  3.5022984  13.204193  13.660777  
214  164  -1.6757698  3.4911346  3.8724961  
215  163  1.6480694  -8.059753  8.226528  
216  164  -0.45485878  -10.596222  10.60598  
217  164  -2.278265  -1.8693848  2.947048  
218  164  -10.387962  6.695862  12.358977  
219  164  -6.122921  14.755707  15.975639  
220  164  7.4082146  14.826584  16.574354  
221  163  -21.019394  -3.278595  21.273554  
222  163  4.070656  -17.75386  18.21455  
223  163  -6.4165115  8.666534  10.78334  
224  164  -8.580185  24.287643  25.758673  
225  163  8.237942  13.994156  16.238844  
226  164  5.6164703  0.74858093  5.6661377  
227  163  1.4142303  7.3042755  7.439925  
228  163  -1.6684723  -16.54364  16.627562  
229  164  13.90535  5.9459076  15.123246  
230  163  -2.7466393  -7.96669  8.426872  
231  164  3.9380913  -14.643707  15.163994  
232  164  14.568306  -3.7616882  15.0461235  
233  164  4.1173058  -4.010376  5.7476363  
234  164  -9.067566  -4.743744  10.233467  
235  165  -10.04903  -15.760071  18.69125  
236  164  -9.301788  -20.942139  22.914982  
237  164  -5.0232887  -13.739502  14.628989  
238  163  16.8535  -4.5073547  17.445822  
239  163  1.2571602  -4.501541  4.6737914  
240  163  -4.650055  13.965363  14.719184  
241  165  -11.749084  -5.1133423  12.813558  
242  165  -21.409164  -4.5726166  21.892035  
243  166  9.860344  5.251297  11.171504  
244  165  -8.18652  -7.576355  11.154383  
245  164  -2.2065353  -12.916687  13.103802  
246  162  8.818729  1.9097748  9.0231495  
247  163  -9.444744  1.5112457  9.564887  
248  163  6.118698  -3.0388336  6.8317623  
249  164  -7.991783  1.6355438  8.157426  
250  165  8.693695  -2.7866516  9.12939  
251  164  6.497139  -0.8741913  6.5556865  
252  164  14.892349  -3.2595215  15.244885  
253  164  -14.386917  3.6848297  14.851308  
254  164  -10.858986  -3.0667572  11.2837305  
255  164  -19.457123  8.01886  21.044756  
256  165  -3.1182861  -0.8363037  3.2284844  
257  164  -1.1152573  -13.916107  13.960725  
258  164  -23.151474  4.618973  23.607744  
259  164  9.885513  -10.250092  14.240356  
260  164  -1.6699905  -5.222061  5.4825897  
261  163  7.561989  -2.5166168  7.9697576  
262  164  11.266212  -16.053787  19.612537  
263  164  -4.1209106  -17.710953  18.184052  
264  163  -38.470688  -44.206894  58.602417  
265  164  30.869736  23.376556  38.722137  
266  164  -4.0843277  6.110901  7.350159  
267  163  1.4897919  22.207458  22.257374  
268  164  13.757111  11.400131  17.866758  
269  164  17.894867  -18.807083  25.960213  
270  164  -3.5697327  4.37381  5.6456356  
271  165  -0.7292938  2.613388  2.7132392  
272  165  3.3958435  2.736908  4.3614697  
273  164  17.503761  -10.724579  20.527987  
274  164  7.1165237  11.703476  13.697309  
275  163  -9.7758255  -7.7811127  12.494498  
276  163  7.9502335  -6.920944  10.5406685  
277  164  5.924103  12.188293  13.551734  
278  164  7.512764  5.2012024  9.137512  
279  164  22.281174  7.8862534  23.635645  
280  164  21.454857  -3.9859467  21.821976  
281  163  3.2116013  -19.316727  19.581888  
282  163  14.850494  0.47210693  14.857997  
283  163  4.958267  10.2994995  11.4308405  
284  164  22.385796  -0.18359375  22.386547  
285  165  6.6602707  7.5807343  10.090923  
286  165  -2.955902  -8.539162  9.036296  
287  165  -3.029396  10.023323  10.471114  
288  164  -8.662254  -0.015350342  8.662268  
289  165  -7.2838745  15.3379135  16.97959  
290  165  14.290451  -10.067848  17.480804  
291  164  -4.326462  0.41386414  4.3462114  
292  164  -3.288643  6.0760727  6.9089675  
293  165  -15.520332  -9.84803  18.381088  
294  163  -18.105217  11.806122  21.614426  
295  164  14.805885  1.5933075  14.891369  
296  163  -1.1114349  0.3445816  1.1636255  
297  163  1.2011948  2.0530472  2.378628  
298  164  0.8865433  -7.4431915  7.495803  
299  164  1.2497101  -0.05886078  1.2510955  
300  164  11.557442  8.006203  14.059649  
301  164  4.136429  -7.8736115  8.8940325  
302  165  -6.092972  -15.922096  17.048092  
303  164  17.530327  -3.1167145  17.805231  
304  163  7.10186  5.1445923  8.769449  
305  162  4.4968414  -10.396912  11.327725  
306  163  -3.4867783  2.5725937  4.3331122  
307  163  15.91259  -4.5021515  16.537228  
308  163  -0.58345795  -2.930069  2.9875956  
309  164  5.390053  -3.567131  6.46352  
310  164  1.2494812  -3.4452438  3.6648204  
311  164  -4.8692856  -10.099289  11.21185  
312  165  5.6509476  -6.6247635  8.707508  
313  165  -4.845337  1.5245972  5.079536  
314  164  9.135963  10.146187  13.653239  
315  163  1.6878357  -6.4932175  6.7089987  
316  163  -5.01062  -4.6656494  6.8465023  
317  163  8.670441  -10.05188  13.274669  
318  164  -5.4732056  -6.2065506  8.275098  
319  164  -4.944725  1.4275665  5.146674  
320  165  -0.39344788  -0.704689  0.80708605  
321  163  22.540848  -9.150711  24.32746  
322  163  15.261597  -10.673645  18.623722  
323  163  -5.298065  -2.0990524  5.6987295  
324  163  -19.665909  -19.043541  27.375252  
325  163  17.37349  -8.884346  19.513323  
326  163  3.4565887  -5.946419  6.878074  
327  162  -9.811096  -13.086639  16.355968  
328  164  1.9328766  13.693062  13.828809  
329  164  -4.36438  8.445564  9.506596  
330  163  -6.7836914  5.8095016  8.931337  
331  163  -8.342346  2.2048416  8.628793  
332  162  -4.841339  9.837219  10.964006  
333  163  0.30752563  -6.3851395  6.3925405  
334  165  4.896347  0.25919342  4.9032025  
335  165  2.9782867  6.6352386  7.2730036  
336  165  -9.207199  -5.5644608  10.758055  
337  165  5.9438934  -9.374001  11.099628  
338  165  -10.008606  4.05735  10.799735  
339  164  5.60083  3.6658478  6.693858  
340  163  5.7507477  -11.360344  12.732969  
341  162  7.023346  -1.7892685  7.24768  
342  164  -1.8111725  3.4558868  3.9017303  
343  164  -11.125534  13.093506  17.181892  
344  164  -9.067688  -3.2843552  9.644167  
345  162  -6.9025726  -13.406265  15.078908  
346  163  -3.1555328  3.5182037  4.726007  
347  163  -6.0716553  -12.852715  14.214685  
348  163  3.741455  -0.4182968  3.7647655  
349  164  -9.3629  9.891716  13.620204  
350  163  -12.948883  -6.2220306  14.366184  
351  163  -23.665123  -1.1882133  23.694933  
352  163  -17.308456  -15.698376  23.367107  
353  163  -5.757675  -6.7765427  8.892264  
354  163  -20.950974  -23.095306  31.18231  
355  164  15.6259  -2.18647  15.778131  
356  165  9.940445  -7.1846924  12.265082  
357  163  3.1212616  9.164799  9.6817255  
358  164  4.928665  -8.073383  9.458925  
359  164  -0.48464966  14.445297  14.453424  
360  163  9.522629  4.074951  10.357881  
361  163  -2.6329956  -1.7147903  3.1421604  
362  164  -6.222168  7.9041786  10.059394  
363  164  10.002441  -9.387135  13.717402  
364  165  12.981415  -7.0359383  14.765553  
365  165  15.1571045  -2.3292732  15.335036  
366  165  -8.444473  -16.203148  18.271593  
367  165  -2.4240723  -3.3310623  4.1197214  
368  165  5.9658356  3.39299  6.8632045  
369  164  -6.859192  -4.4760323  8.190445  
370  164  -5.2622833  -10.186249  11.465221  
371  164  6.8891907  7.282673  10.024883  
372  164  -9.9758  -5.6183624  11.44913  
373  164  -13.592163  -3.6425133  14.071774  
374  165  -7.6180573  18.15055  19.684443  
375  165  4.754959  -12.4850445  13.359864  
376  164  22.241302  -3.7356873  22.552847  
377  163  4.4149017  -5.030819  6.6933174  
378  163  8.637253  -1.3803692  8.74686  
379  163  -1.136795  -3.908184  4.0701604  
380  164  -0.82058716  -6.0135803  6.0693088  
381  164  -5.6552277  -7.441431  9.34647  
382  164  7.602783  -15.998222  17.71286  
383  165  -5.993454  9.495306  11.228639  
384  164  2.4145966  1.9182262  3.0838075  
385  163  69.52174  -20.817703  72.571686  
386  163  9.301086  -0.9106903  9.345564  
387  164  -4.99527  -5.105959  7.143076  
388  164  5.7434235  27.786003  28.373383  
389  165  -7.516754  -3.4907103  8.287741  
390  164  8.284393  7.5882645  11.234453  
391  164  -7.246109  9.132804  11.658224  
392  164  -7.930374  7.8419905  11.152921  
393  163  9.510773  -5.98495  11.237189  
394  163  -1.8123779  2.991921  3.4980428  
395  163  -9.984924  -2.012456  10.18571  
396  164  0.08804321  -8.1200905  8.120567  
397  164  -4.550705  18.102798  18.666018  
398  164  8.581543  -13.381092  15.896431  
399  164  4.379669  -5.7156115  7.2006745  
400  164  16.000015  -0.114697576  16.000425  
401  165  4.4469147  5.451306  7.03504  
402  165  8.642441  13.1083975  15.7010145  
403  165  -4.799408  -18.79053  19.393768  
404  165  0.011245728  7.896616  7.896624  
405  164  -9.807053  1.4600492  9.915141  
406  164  -1.6712952  -3.4641047  3.8461993  
407  164  9.311325  5.673275  10.903523  
408  163  -7.8019867  -7.9866095  11.164987  
409  162  -7.162796  -9.427169  11.8396435  
410  163  8.617905  -7.69532  11.553624  
411  164  -8.007492  2.6818438  8.444655  
412  165  6.018112  -27.91772  28.559006  
413  164  -4.855118  4.9563713  6.93814  
414  165  9.387909  0.7121506  9.414882  
415  165  69.3595  20.618128  72.35915  
416  166  2.3455353  -2.1064453  3.1525621  
417  165  -5.9278107  -9.990099  11.616411  
418  164  7.4843903  15.792751  17.476473  
419  164  -5.6953125  6.881176  8.932366  
420  164  -0.99546814  5.5080757  5.5973077  
421  163  -0.9886627  3.7443752  3.8726993  
422  164  8.578583  0.9213371  8.627916  
423  165  4.411545  4.675852  6.4284773  
424  164  22.451782  3.1918774  22.677536  
425  165  4.890259  12.182186  13.127082  
426  165  -7.324707  -18.46001  19.860094  
427  163  -13.486343  3.2237663  13.866295  
428  164  -9.889313  5.215912  11.18053  
429  164  6.760544  -7.558079  10.140489  
430  164  -5.276108  9.739456  11.076747  
431  164  -6.791565  4.05624  7.9106536  
432  164  5.811676  -3.7086792  6.8941917  
433  163  -2.5836945  3.266327  4.164657  
434  164  -8.597565  15.389477  17.62822  
435  164  14.994965  1.8229179  15.105363  
436  164  13.159058  6.9688644  14.890462  
437  164  9.86319  9.2015915  13.488951  
438  164  -6.476959  -8.214603  10.460914  
439  164  -2.6299438  1.391674  2.9754598  
440  164  9.383774  -4.437599  10.380149  
441  164  -0.77023315  -14.787609  14.807655  
442  163  4.9810944  7.6363297  9.117282  
443  164  3.1549988  -9.59362  10.099088  
444  164  10.006699  7.2484016  12.356106  
445  164  15.636139  2.1309967  15.780684  
446  164  -20.812302  22.78022  30.85596  
447  163  -6.060852  6.515465  8.898607  
448  163  -17.049088  15.014313  22.717855  
449  164  -23.696114  0.87000275  23.71208  
450  164  -12.749283  5.8091087  14.010352  
451  165  -9.349197  -10.322807  13.927234  
452  164  3.8445892  0.16136932  3.8479743  
453  166  -5.868576  12.583038  13.884274  
454  165  -3.0340729  -3.9398956  4.972763  
455  165  -6.901428  13.135559  14.838215  
456  163  -9.625916  2.9072723  10.05537  
457  164  -10.892456  -13.519669  17.361654  
458  164  -0.6662903  -4.6374207  4.6850414  
459  164  7.110718  1.3408585  7.2360353  
460  163  5.741455  10.891495  12.312147  
461  164  5.8148346  -4.140953  7.1386127  
462  163  -9.848053  -4.312622  10.750947  
463  162  6.1425323  9.088028  10.969182  
464  163  -9.707031  4.9732666  10.906871  
465  163  3.0566406  -6.826515  7.4795966  
466  162  5.396927  -0.65589905  5.4366374  
467  163  0.87583923  6.179863  6.2416186  
468  164  -4.9183807  -10.083504  11.2190695  
469  164  -8.500412  -2.5949554  8.887677  
470  165  -6.6918335  -5.889221  8.914233  
471  164  -4.1079865  -8.565964  9.500068  
472  164  2.1069946  -13.917274  14.075864  
473  164  -9.555466  12.973282  16.11251  
474  164  3.6781769  5.1119156  6.297672  
475  163  17.58319  8.606232  19.57641  
476  164  -19.877724  19.028801  27.517616  
477  163  -4.89859  1.8638916  5.2412095  
478  163  15.110092  10.496315  18.398031  
479  163  23.419846  8.889084  25.05005  
480  165  -0.5053711  0.44903564  0.67604214  
481  164  -4.795349  -1.6398697  5.067992  
482  164  -5.564087  5.8753815  8.09192  
483  163  8.802628  9.676514  13.081329  
484  163  -4.724762  4.0808563  6.2431374  
485  164  1.5330353  6.2353287  6.4210215  
486  163  9.475838  -10.310638  14.003598  
487  163  -4.7268524  -1.4660416  4.948981  
488  163  5.8442  6.3610687  8.638164  
489  164  -4.55101  9.702721  10.717018  
490  164  1.1500397  3.136345  3.3405464  
491  164  5.600548  3.3143768  6.507782  
492  164  -0.5633011  2.366417  2.432537  
493  164  15.984116  4.5441055  16.617487  
494  164  -3.1882172  -3.2021408  4.5186763  
495  164  4.4934235  9.940979  10.90935  
496  164  7.1006927  -5.580536  9.03118  
497  165  17.778076  2.7516403  17.989761  
498  165  -5.8371964  16.157791  17.179846  
499  165  4.2016754  7.615364  8.6975765  
500  164  11.731461  -8.363396  14.407413  
501  165  1.1249695  -0.23189545  1.1486217  
502  164  1.8092651  6.480942  6.728748  
503  164  1.0582199  -2.517273  2.7306578  
504  164  -1.0334473  -0.67430115  1.2339754  
505  165  14.961487  -1.7981644  15.069157  
506  164  -17.750183  -12.249962  21.566885  
507  165  -15.463623  9.37529  18.083687  
508  163  -2.9747849  -6.6171494  7.2550683  
509  163  -4.430542  -0.48739624  4.45727  
510  164  14.0794525  10.033287  17.288662  
511  164  -6.1028976  -16.414711  17.512512  
512  164  -8.571777  -0.39550018  8.580896  
513  166  -2.8450089  -10.17289  10.563227  
514  164  -2.7792892  8.238235  8.694422  
515  164  7.176132  -8.32122  10.988156  
516  164  22.782028  0.14263916  22.782475  
517  165  5.2111053  -10.487061  11.710425  
518  163  15.106499  -0.7116089  15.12325  
519  164  3.249031  18.708557  18.988585  
520  163  20.96521  4.8630066  21.521824  
521  163  22.483261  -8.292892  23.963913  
522  164  7.768112  -5.3706665  9.44392  
523  164  5.8570175  -13.184891  14.427266  
524  164  7.8879547  6.4832153  10.210382  
525  164  -9.50502  6.9426727  11.770561  
526  164  7.3795853  -11.830727  13.943614  
527  164  17.75914  10.580475  20.672047  
528  164  3.4655151  -2.9136963  4.5276284  
529  163  -0.026748657  -2.7340088  2.7341397  
530  164  -3.8212128  -4.047989  5.566676  
531  163  18.023376  18.386078  25.746649  
532  163  14.24749  -11.654831  18.407228  
533  162  1.5755234  -22.586868  22.641752  
534  164  -4.123932  -6.445862  7.652186  
535  163  31.034973  -23.431557  38.88711  
536  164  -38.504013  43.932693  58.417812  
537  163  -3.915512  17.362045  17.798086  
538  163  11.383682  15.638947  19.343342  
539  164  7.694916  2.1355438  7.9857545  
540  164  -0.2396164  5.177658  5.1832  
541  164  10.15097  10.059372  14.291017  
542  163  -22.88263  -5.0345917  23.429935  
543  163  -0.76010895  13.769119  13.790083  
544  164  -2.8677826  0.48266602  2.9081168  
545  164  -19.352272  -8.75943  21.242365  
546  164  -10.755783  2.5820923  11.061378  
547  164  -14.723282  -3.656784  15.1706  
548  164  15.060265  2.7303314  15.305759  
549  164  6.959015  0.47349548  6.975105  
550  163  8.776386  2.349762  9.085502  
551  164  -7.939232  -1.9362793  8.171939  
552  165  6.0771217  2.7277985  6.661253  
553  164  -9.469353  -1.7294464  9.625987  
554  164  9.1189  -2.1903534  9.378272  
555  164  -2.0184708  12.747742  12.906554  
556  164  -7.7519226  7.3083344  10.653829  
557  162  10.6007  -5.328827  11.864706  
558  162  -20.909222  4.0457916  21.297043  
559  164  -11.612255  4.872299  12.593005  
560  164  -4.4082184  -14.34314  15.005267  
561  164  1.6932144  4.157654  4.489216  
562  164  16.889183  4.843109  17.569866  
563  164  -5.041622  12.9552765  13.901695  
564  163  -9.254833  21.015488  22.963072  
565  163  -9.844334  15.493744  18.35666  
566  164  -8.8144455  4.471237  9.883644  
567  164  4.420994  3.6304169  5.720587  
568  165  14.946362  3.464157  15.342559  
569  164  4.834957  14.007492  14.818457  
570  164  -1.981678  7.7802734  8.02868  
571  164  14.285885  -6.2697144  15.601148  
572  164  -1.5414963  16.264618  16.337503  
573  164  1.6489868  -7.7323456  7.906221  
574  164  5.5541954  -0.8604584  5.6204515  
575  164  8.404448  -14.1050415  16.419102  
576  165  -8.181692  -24.820175  26.133907  
577  165  -6.164669  -8.929977  10.851158  
578  165  3.8797836  17.368439  17.7965  
579  164  -20.748999  2.8739014  20.947083  
580  165  7.8150234  -15.065872  16.972185  
581  164  -5.5520287  -14.955612  15.95291  
582  164  -10.482796  -6.5522156  12.362061  
583  163  -1.583952  1.6649628  2.2980437  
584  163  -0.11580658  10.303558  10.304209  
585  163  1.6088104  7.951233  8.112359  
586  165  -1.4948902  -3.7591095  4.045442  
587  164  3.6448746  -13.517899  14.000668  
588  164  1.1287718  5.8729553  5.9804454  
589  164  -18.20357  -0.21592712  18.20485  
590  162  9.898093  -0.010070801  9.898098  
591  163  2.8602114  -5.3327637  6.0513783  
592  163  4.551303  -1.109726  4.6846395  
593  163  -6.468089  -2.0099335  6.7731833  
594  163  -1.5135088  -2.6437683  3.0463455  
595  163  -7.2970104  13.421188  15.276606  
596  164  3.9563003  -29.87445  30.135279  
597  165  16.518784  -9.096359  18.857729  
598  166  -2.3176565  -8.959686  9.254594  
599  165  4.6220307  4.5691376  6.499245  
600  164  5.3952303  0.65475464  5.434815  
601  164  -7.97755  4.4239197  9.122082  
602  164  -1.7739296  -7.581711  7.7864733  
603  165  -13.494197  7.218994  15.30383  
604  165  23.337011  -4.7183685  23.809223  
605  164  -18.175371  -1.7411957  18.258583  
606  163  4.676258  -16.82669  17.46439  
607  163  1.7299709  1.2712555  2.1468325  
608  163  -9.672346  17.541443  20.031387  
609  164  4.3973722  1.1153107  4.536607  
610  165  18.913097  12.724731  22.795263  
611  165  -0.40300655  7.106888  7.118305  
612  164  -7.0593195  -2.503128  7.4899697  
613  165  0.9541893  2.7768707  2.936237  
614  163  -12.143734  1.1151581  12.194829  
615  164  7.5616684  -3.2137146  8.216251  
616  164  -7.6579933  -11.503021  13.818986  
617  163  4.170149  10.818588  11.594481  
618  164  9.717611  10.397217  14.231447  
619  164  -4.1865673  -6.8563232  8.033463  
620  164  3.708414  -7.876526  8.705859  
621  165  -13.712399  -32.80162  35.552444  
622  165  -20.834932  10.421967  23.296175  
623  164  -7.164379  6.02182  9.358988  
624  164  -19.054134  -6.8635254  20.252605  
625  163  19.96399  2.9824371  20.185534  
626  163  -6.911339  -10.08371  12.224884  
627  163  27.062374  -4.7325287  27.473059  
628  165  0.6833  3.7705383  3.8319523  
629  165  -0.3601799  -0.16397095  0.39574742  
630  165  -13.346825  -8.543381  15.84699  
631  165  2.1496964  -3.1272278  3.7948318  
632  164  -9.279446  11.010986  14.399651  
633  163  6.7298813  -8.240982  10.639789  
634  164  0.63484955  10.855377  10.873925  
635  163  5.7474556  -24.531418  25.19571  
636  163  -6.4631195  -0.017852783  6.4631443  
637  163  11.366798  -15.326904  19.081879  
638  165  -6.865589  -5.519638  8.80924  
639  165  -5.4757423  -8.021927  9.712625  
640  165  -10.935852  -9.643326  14.58035  
641  165  -9.585453  20.702774  22.814157  
642  165  44.06019  8.764816  44.923515  
643  164  22.1711  13.935989  26.187202  
644  163  5.1724052  -1.3721771  5.3513217  
645  163  -0.7847862  -2.3243103  2.453224  
646  164  10.499748  28.528229  30.399088  
647  164  20.358929  -4.6549835  20.884321  
648  164  -15.707298  0.16487122  15.708163  
649  164  5.223755  -12.374008  13.431444  
650  163  6.995762  18.334671  19.623985  
651  163  -16.112244  5.370682  16.983774  
652  164  -5.5594864  -18.151901  18.984188  
653  165  -2.7542496  15.75943  15.998298  
654  164  4.1451874  29.490448  29.780348  
655  164  16.6417  0.44218445  16.647573  
656  164  1.2867813  4.152008  4.346835  
657  164  10.644897  -4.680908  11.628617  
658  164  12.051834  17.228424  21.025349  
659  164  12.349289  11.437271  16.831997  
660  164  9.395508  -11.810516  15.091847  
661  164  5.7343903  5.1296997  7.693962  
662  164  24.467484  19.092453  31.035135  
663  163  -22.279007  -10.369141  24.573832  
664  163  -4.048462  3.1489868  5.128953  
665  163  -2.7780304  3.116394  4.174849  
666  163  -34.776924  3.1918793  34.923096  
667  163  -17.559753  4.990082  18.255022  
668  164  0.75268555  -31.856247  31.865139  
669  165  8.20578  -31.133865  32.197086  
670  166  -3.0478668  21.293716  21.510738  
671  166  -29.575455  44.785843  53.670097  
672  165  6.4865417  -12.094223  13.723901  
673  165  10.011917  -1.5458527  10.130555  
674  163  36.55298  15.872665  39.850494  
675  163  23.513107  3.1136017  23.718363  
676  164  22.728477  8.542038  24.280653  
677  164  8.112648  3.2814636  8.751175  
678  165  -10.896721  23.695847  26.081251  
679  165  -12.115799  -8.306335  14.689717  
680  164  -32.15145  -7.265259  32.962097  
681  163  -14.194809  -1.0766144  14.235579  
682  164  -22.429008  -12.295395  25.57806  
683  164  13.735031  0.37612915  13.74018  
684  163  -32.695328  21.258316  38.998726  
685  164  -7.96537  -2.2353973  8.273096  
686  163  -48.162003  -7.505905  48.743378  
687  162  -30.266228  40.293205  50.394314  
688  163  -6.5508575  -11.288414  13.051515  
689  164  -5.932251  -54.216034  54.53962  
690  165  -15.45237  28.705795  32.60059  
691  163  16.720428  9.041054  19.008245  
692  165  0.8142929  9.003815  9.040562  
693  163  17.523674  -14.500793  22.745377  
694  163  9.880486  -12.472992  15.912245  
695  163  0.92152405  -7.058922  7.1188188  
696  164  -9.188171  -4.582985  10.267729  
697  164  22.229706  34.694046  41.204815  
698  164  -38.349022  -46.2192  60.057156  
699  164  -36.343628  13.006561  38.600906  
700  164  -8.798103  3.5459976  9.485817  
701  164  2.0556412  21.223022  21.322344  
702  164  30.776787  -3.2043457E-4  30.776787  
703  165  -20.470108  37.714462  42.911606  
704  165  -37.20231  18.179482  41.406586  
705  164  -3.1698456  -24.32779  24.53343  
706  164  -15.605499  -11.384735  19.31693  
707  164  -13.668663  43.42035  45.520973  
708  165  -9.786491  -19.134903  21.492323  
709  165  -45.616615  -23.247467  51.19883  
710  165  35.347336  -3.411644  35.511597  
711  164  -7.936447  19.06298  20.649078  
712  164  9.591911  -13.345413  16.434866  
713  164  -1.8006363  3.6156921  4.0392475  
714  162  3.8478775  44.086227  44.25383  
715  163  35.62388  13.085991  37.951336  
716  163  -34.191544  34.98002  48.91486  
717  165  5.535118  8.875023  10.459616  
718  164  -19.69905  -23.43158  30.611952  
719  165  28.525352  -40.634407  49.647263  
720  164  47.754288  -5.23909  48.040813  
721  164  28.27398  -4.651596  28.654062  
722  163  -32.005478  17.449524  36.45321  
723  163  -16.785477  -5.8564606  17.777805  
724  164  16.341751  -29.765282  33.95622  
725  164  14.254494  -9.85244  17.328045  
726  165  -48.149673  -3.2700882  48.26059  
727  164  -43.847412  4.152092  44.043564  
728  164  -3.0391388  32.84498  32.985283  
729  164  -17.330643  -26.057823  31.294748  
730  164  -22.65187  25.732536  34.282223  
731  163  -34.375458  -36.81881  50.37159  
732  163  -19.527847  -1.7653809  19.607483  
733  163  9.5711975  23.873749  25.72088  
734  163  -7.234131  9.166855  11.677494  
735  163  -23.969986  -20.098335  31.281036  
736  164  5.5409546  20.265976  21.009806  
737  164  -30.792496  -14.573723  34.067158  
738  164  7.513611  10.230759  12.693415  
739  164  17.276825  -14.52449  22.570988  
740  164  44.096825  43.113617  61.671013  
741  163  24.79802  -36.12755  43.81942  
742  164  -13.094345  -37.093826  39.33718  
743  164  -63.564346  -1.9844208  63.595314  
744  165  42.464737  10.186317  43.669384  
745  164  23.864746  16.475883  28.99967  
746  165  -8.902451  -11.185486  14.295758  
747  163  -16.973984  -0.47037506  16.9805  
748  165  9.797394  -7.0872803  12.092083  
749  165  30.142982  -6.526184  30.841375  
750  164  35.238426  -10.385929  36.737095  
751  163  -41.209457  -29.342224  50.588394  
752  163  16.194916  30.373112  34.420944  
753  163  6.9779663  -47.032124  47.54695  
754  164  -7.921295  -39.132313  39.92599  
755  165  -27.004974  -46.519596  53.789787  
756  164  31.39518  15.318016  34.932777  
757  163  11.708389  20.614979  23.707884  
758  164  22.471985  4.4322357  22.90491  
759  163  19.5578  13.8365135  23.957394  
760  165  34.165222  -24.700283  42.158825  
761  165  29.345093  10.269257  31.090065  
762  165  3.0815277  -33.618412  33.759346  
763  165  -21.084152  -33.115932  39.258205  
764  164  -16.337006  4.1974907  16.867622  
765  163  -12.105377  -40.756462  42.516224  
766  163  -36.011032  9.904854  37.348366  
767  164  -10.204712  -27.56733  29.395473  
768  164  17.169724  9.766815  19.75323  
769  165  23.815231  66.01956  70.18367  
770  164  11.370239  -34.69063  36.50647  
771  165  2.6691437  7.332638  7.8033266  
772  163  22.289337  -17.696468  28.460138  
773  164  -7.487503  -3.1178246  8.110704  
774  164  14.00032  -40.808952  43.143707  
775  164  14.085037  -0.64590645  14.099839  
776  164  14.167862  36.44113  39.098392  
777  164  -7.901001  7.6800766  11.018593  
778  163  6.239853  -5.482355  8.306141  
779  164  4.7671204  -28.653452  29.047302  
780  165  6.569992  1.8340034  6.8211703  
781  164  27.334335  -45.01999  52.668446  
782  164  -0.8578186  13.595207  13.622244  
783  165  25.024094  -2.169384  25.117952  
784  164  17.802216  18.765171  25.86601  
785  165  -14.225159  -5.710432  15.328541  
786  163  4.139084  -0.0804348  4.1398654  
787  163  24.239624  21.62166  32.481617  
788  164  -14.63002  0.26924515  14.632498  
789  164  46.482635  -15.603243  49.03159  
790  164  11.346573  -0.008630753  11.346577  
791  164  13.841949  -30.23214  33.25029  
792  164  23.619827  -18.703022  30.128048  
793  163  -19.325928  17.737862  26.232103  
794  166  48.49739  -0.5768089  48.50082  
795  166  14.961166  -19.132313  24.287485  
796  166  51.904984  22.28062  56.48498  
797  165  24.206894  -2.0535116  24.293839  
798  165  62.578217  -2.0020943  62.610233  
799  163  105.28949  -21.543644  107.470955  
